111111111111111111111111111111151111111111111111111
101000000010001000000010001000001000001000000000001
101011101010101011111010101010101011101011111011111
101000101000101010001000100010101000101000001000001
101110101111101110101111111110101110101111101111101
100010101000100000100010000000100000101000001000001
111011101010111111111010111111111111101110111011101
101000001010000000001010100000000010100010100010101
101111111011111011111010101111111010111011101110101
100000100010001000000010000010000010000000001000001
101011101110111111111111111110111111111111111011111
101010001000000000001000000010000000001000001010001
111010111111101111101011111011101111101011111011101
100010100000001000100010001000101000101000000000001
101110101011111010111110101110111010101011111111101
100010101000100010001000100010100010101010001000101
101010111110101110111010101110101110101110101010101
101010000000101000100010101000101010100000101010101
111011111111101010101110101011101010101111101110101
100000100000101010101010101000001010101000001000101
101110101111101011101010111111111010111011111011101
100010100000001000101010000000000010000010100000001
111010111110111110101011111011111111111110101111111
100010100010100010100000101010001000000000001000001
101110101011101010111110101010101011111111111010111
101000001000101010001000101000100010001000100010001
101011111110101010101011101111111110101010101111101
101010001000101000101010001000000000100010100000101
101110101110101111101010101011111011111111111011101
100000100010101000001010101010001000001000100010001
101111111010101111111010111010101111101010101110101
100010000010101000000010100000100000100010000010101
111010111110101011111110101111111111111111111110101
100010001000101010100000001000000000000000000000101
101111101011101010101111111011111111111111111111101
101000101000101010101010001010001000000010000000101
111010101110101010101010101010101111101010111110101
100010001010101010000010100010101000101010000010001
101111111010101011111110111110101010101011111011111
100000100010101000000000100000100010001010000010001
111110101010101111111111101011111111111010111111101
100010101010100000101000001000000010000010100000001
101010111010101010101011111111111011111010101111101
101010001000101010001000101000001000001010001000101
101011101011111011111110101010101111101011111011101
101000001000000010000000100010100010001010000000001
101111111111111110111111111110111010111010111111111
100000001000000010000010000010001010001010000000001
101111101011111011111011101011101011101111111111101
100000100000001000000000001400001000100000000000001
111111111111111111111111111111111113111111111111111

U
