111111111111111111151111111111111111111111111111111
100010001000000010000000001000000000000000000000001
111010111010111110111110101111101111111011111111101
100010001010000010000010100000101000001010000000001
101110101011111011111010111110101011101110111111111
101000101010001000001010100010101000100010000000001
101111101011101110111010101010101110111011111111101
100000101000100010000010101000101000101010000000001
111110101110101111111110101111111011101010111111101
100010100010100000100000100000000010001000100010001
101110101110101011101111111111111110101111101010111
100010101000101000100000100000000000100000001000101
101010101011101110111110101111111011111111111110101
101000101000100010100010101000001000100000000010101
101111101110101110101010101011101011101111111010101
101000100010101000101000101010101010001000001010001
101010101010101011101111111010101110111110101011101
101010001010101000101000000000100010000010101000101
101011111110111110101011111111111011111011101110101
101000000000100000100000000010000000100010001000101
101110111111101110111111111110111111101110101011111
100010000010001000100010000000100010001000101000001
111011111010111011111010111110101010111011101111101
100010100010100010000010100010101000100000101000101
101110101110111010111110101011101111101110101011101
101000100010001010100000101000101000001000101010001
101011111011101010101110101110101011111011101010101
101000000000101010101000101010001000100010000010101
101111111110101010101111101011111011101011111010101
100010001000001000100000001010000010001010001010101
111010101111111110111111111010111110111110101110111
101000101000000010000000001000100010100000100010001
101111101011111010111111101111101010101111111011101
100000100010001010100010000010001010101000001000001
111110111110111011101011111010111010101111101111101
100000001000001010001010001000101000101000000000101
101011111011101010111010101111101110101010111111101
101010001010101000101000100010000000101010100000101
101110101010101111101111111011111111101011101110101
100010100010100010000000001000000000001000101010001
101010111110111010111111101111111111111010101011111
101000101000001010100000100000000010001010001000101
101111101011101010111110111011111110101011111010101
100010000010401000100000001000001000100010000010101
111011111110101111101111101111101011111111101110101
101000000010101000001000001000101000001000001010101
101111111010101010111110111010101111101011111010101
101000001010101010000010001010100000100010000000101
101011101010101111111011101110111110111110111111101
100000100000100000000010000000000010000000000000001
111111111111111111111311111111111111111111111111111

L
