111111111111111111111111111111111111111111111111111
101000100000000000001000100000100000000010000010001
101010101111101111101010101110111110101110111010101
101010001000100000100010101010000010100000001000101
101110111110111110111110101011111011111011111111101
100010000000100010001000101000001000001000100000101
111011111110101011101110101110111111101110101110101
100010001010001010100010100010100010001000100010101
101110101011111010111010111010101010111111111010101
101000101000001010001010000010001000100000000010001
101110101011111010101011111110111111101011111111101
100000101000001000101000100010000010001010000000101
111111101111101011111110101111111010111110111110101
100000100000101010000010100000100010000010001000101
101111111110101010111010101110101111101011101011101
101000000010100010100010101010001000101000001010101
101011111010111110101110101011111010101111111010101
101000100010000000100000100000000010101000001010001
101110101111111111111111111111111110101011101011101
300010100000001000000000000010100000101010101000101
101110111110111011101111111010101111111010101110101
100000101000100010101000001000101000000010001000101
101111101011101110101111101011101011111110111011101
101000001000100010100010001010001010001000001010001
101110111110111010111010111010111010101111101011111
100010000010001010001010100010101000100010001000001
111011101011101010111010101110101011111010111011101
101000101010001010100010000010100000100010101010001
101110101110111010101111111110111111101110101010111
101000100010000010100010001000100000001000100010001
101011111011111110111010101011101111111110111110101
101000001000000000101000100010001000000010000010101
101111101110111110101111111110101011111011111011101
100000100010100010001000001000101000001000001000001
101111111010101111101010111011101111101111101111101
100000001000100000101010000010100000100000100010105
101110101111111110101111111010111011111110111010101
101010100010000000101000001000001000000000100010001
101010111011101110101011101111101111111111101110111
100010001000001000100010101000100010001000101000101
111011101111111011111110101011111010101010101110101
100010001010001000001000001000001010100010104010101
101110111010101110111011111111101010111110111010101
100010100000100000100010000000100010100000100010001
111110101111111111101110101110101110111011101111101
100000101000000000100010101000100010001000001000101
101111101011111110111011101011111011101111111010101
100010001000001010001000101010001000100010000010101
101011111111101010111110101010101111111010111110101
101000000000000010000000001000100000000010000010001
111111111111111111111111111111111111111111111111111

L
