111111111111111111111111111111111111111111111111111
101000000010000000001000000010000000100000100000101
101011111011111011111011101010101110111010101010101
101010000000000010000010001010101000000010101010105
101011111111111110111110111110101111111110111010101
101000100000001000100010001000100010001000100010001
101010101111101011101111101011111010101110101111101
101010000000100010000000100010001000100010001000001
101011111111101111111110111110101111111011111011111
101000101000100000000010000000100000001000101000001
101110101010111111111010111111111011111110101111101
101000001010000000100010001000100010001000100010001
101111101011111110101110101010111110101011101010111
100000101010001000100010100010000010100010001010001
111110111010111011111011111011111010111111111011101
101000100010000010001000001000100010000000001000001
101011101110111110111111101111101111101111101111101
101010001010100010000000001000001000101000100000101
101010111010101110111110111010111010111010111110101
100010001010101000100010000010100010001010001000101
101111101010101011101011111110101111101011101011101
100010001000100000101010001000100010100010100010101
111010111011111110101010101011111010111110111110101
101010100000100010101000101010001010000000100000001
101010111110101010101111101010101010111110101111111
100010001000101010100010101000101010000010101000001
101110101011101011111010101111101011111010101111101
100010101000101000000010101010001010000010101000101
111010101110101111111110101010111010111110101010101
101010100010001000000000001000100010100000101010101
101010111011111110111111111111101110111111101010101
100010001010000010000000100000001000100000001010001
101111101010111011111110111011111010101111111011101
100000101010101000001000100010000010101000000010001
111110101010101111101011101110111110101110101111111
101000101000000010001000001000101000100010100010001
101011101111111110111111111110101011111010111010101
100010001000000000101000001000100010001010001010101
101111111011111111101010101011101110101011101010101
101040000010000000000010100010100000101000101000101
101011111110111111111110111110111011111110101111101
301000100010001000000010000010001010000000100010001
101110101111101011111011111011101010111111111110111
100000101000001000001010001000100010100010000010001
111111101011111111101110101110101110101011101011101
100000100010000000100000100010100010101000001000101
101110101111111010101111101110111110101111111110101
100010100000000010101000101000100010100010100000101
101011111111111110111010101011101010111010101111101
101000000000000000000010001000001000000010000000001
111111111111111111111111111111111111111111111111111

R
