111111111111111111111111111111111111111111111111111
100010000000000010000000000000100000000000100000001
111011111110111011111111111010101111111010111111101
301000100000101004000000001010101000000010100000101
101110101111101111111111101010101011111110101110101
101000101000000010000010001010001000000010101010101
101011101011101011101110111011111111111010101010101
100010001000101010001000100000000000001010101010101
101111101111101010101011111111111111111010101010101
100000100000101000101000000000000010000010001010001
111110101110101111111111111111111010111111111011101
100000100010100000100000000000100010100000000000101
101111111110111110101111111110101110101011101111101
100010000000100010001000000000100000101000101000001
111010111111101010111011111110111111101110111011111
101010001000001010101010100000100000100010001000001
101011101011111010101010101111111011101111101111101
101000001010001010001010100000000010001000101000001
101111111010101011111010111110111110111010101011111
100000001010101000000010000000100010001010001010001
101111101010101111101111101111101010111011111010101
100000100010101000001000100010001000100010000010101
111110101110101011111010111010111111101010111111101
100010101000101010000010100010100010101010100000001
101010111011101110111110111110101010101010101011111
101010100010100000100010100010001000101010101000001
101010101110111111101010101011111110101110111110101
101000100010000010001010101010000000100010000010101
101110111011111010111010101010111111111011111011101
101000100010000010001000101000100000001000001000101
101111101110111111101111101111111011101110101110101
101000001000000000100000101000100010101000101000101
101011111011111110111110101010101110101011111011101
101010001000100000000010101010101000101000001010001
101011101011101011111110101010101011101111101010101
101000101010001010001000100010001010001010001010105
101110101010111110101011111111111010111010111010101
100010100010000000101010000000001010100010100010101
101010111011111111101010101111101010101010101110101
101010001000001000101000100010000010101010001000101
101111101111111010101111111010111110101011111111101
100000100000000010001000001010100010101000000010001
111010111111111111101011101011101010111011111010101
100010000000100000101000101000001000100010000010101
101111101111101011101011101111111111101111111010101
100010001000001010001010000000100000101000001000101
111011111011111010111110111110101010101011101111101
100010001010001010100000100010101010100010001000101
101110101011101010101111101110111010111110111010101
100000100000001000001000000000000010000000100010001
111111111111111111111111111111111111111111111111111

R
