111111111111111111111111111111111111111111111111111
101000000000100000000000000000100000000010000010001
101011111010111110101111111110111010111010111010101
101010001010000010101000001000001010001000101010101
101110101011111010101011101111101111101111101010111
100010101010001010101000100000100000001010000010001
111010101010101011101011111010111111111010111110101
100010101010101000100010001010000010000010001000101
101110101010101110101110101111111010111011101111101
101000100010100010101000100000000010100010100000101
101110111110111010111011111111111110101010111110101
100010001010101010001010000000000010101000001000101
111010101010101011101011111111101010101011111011101
100010101000001000101000000000101000101010000010001
101110101111101110101111111110101111101110111110101
101010100010100010001000100000101000100010001000101
101010111010111011111010101111101110111011101111101
101000001010000010000010001000100000100000100000101
101111111010111110111111111011111110101110111110101
100000100010001000100000100000100000100010001010101
111110101111101110101110101110101111111011101010101
100010001000100000100010000010000000100010001010101
101011111010111111111011111111111111101110111010101
301010000010001000100010001000000000001010100010101
101010111011111010101110101011111111111010111010101
101010001000000010100000101000001000000010100010001
101111101111111110111111101111101010111110101111101
101000101010000000100000100000101010000000001000001
101010101010111110101010111110101111111111111011111
100010001010100000101010001000100000000010001000001
101111111010111111101011111011111111111010101111101
101000100010000000001000000010100000000010100010001
101010111011111111111111111110101110111110101110111
100010001000001000001000000000100010100000100000101
111111101110101110111011111010111011101111111111101
100000101000101000100000100010101000001000100000001
101110101011101011101111101110101111111010111110111
101000101000101000001000001010100000000010000010001
101111101010101110111011111010111111101111111011101
100000001010100010100010000010100000001000001000001
101111111110111010101110101110101011111010111111101
101000100000101010101000100010001010001010000000101
101010101011101011101111111010111110101111111011101
101010001010001000101000001000100000100000001010001
101011111410101110101011101111101111111111101010111
101000100010101000100000100000001000000010001010001
101111101110111011111111111110111110111110111011101
101000101000000010000010000010000000100010001010005
101010101011111110111010111011111111101011101010111
100010001000000000100000100000000000001000001000001
111111111111111111111111111111111111111111111111111

U
