111111111111111111111111111111111111111111111111111
101000000010001000100000000000100000100000000000001
101010111010101010101011101111101110101111111011101
101010100000101010001000101000101000101000100010001
101110111111111011111110111010101011101011101110111
100010000000000010100010000010101000001010001000001
111010111111111110101011111110101111111010111111101
100010100000001000101010000010000000000010000000101
101110111110101110101010111010111111111011111110111
100010000000100000101010100010001000001000100010001
111011111111111111101010101111101011101110111011101
101000000000001000001000101000101010101000001000101
101111111111101011111111101010101010101111101110101
100000000000100010001000101010101010100000100000101
101110111111111110101110101010111010111110111011101
101000100000100000100000101010000010000010001010001
111010101110101011111110101011111110111011101010111
100010101010001000000010100010000000101010001010001
101110101011111111111011111110111111101010111111101
101000101010000010001000000010001000001010000000001
101011101010101011101110111111101110111011111111101
101010001010101000000010000000101000100010001000001
101110111010101111111011111110101010101010111011111
101000101000100010100010000010001010101000100010001
101011101011111010101110101111111011101110101111101
101010000000001010001000100000000010001000101000101
101010111111101011111011111110101010111011101010101
100010001000101000000010000010101010100010100010101
101111101010111111111110111011101010111010111110101
100000101010000000000000101000101010001000000010005
111110101011111111111111101110101111101111111011101
100010101000100010001000000010100010001000100010001
101110111110101110101010111110111010111110101110111
101000100000100010101010100000100010100010001000101
101011101111101010101010101111101110101010111011101
101000001000001000100010101000100010001010001000001
101111111111111111111110101010111011111011111111101
100000100000100000000010100010000000001000000000101
111010101110101111111010111111111111101111111110101
100010001010100010000000100000000000101000000010101
101111111010111011111111101110111111101111111010101
100010100010100010000010000010100000100000001010101
111010101010101010111010111110101110111111101010101
100010001000101010101010100000101010000000100010101
101111101111101010101010101011101010111111111010101
100000100000001010101000101010001010100000000010001
101110101111111110101111101010111010101111111111111
300010101000000000100000101010000010100010001000001
111010111011111111101110101111111010111010101011101
100010000000000000001000100000004010000000100010001
111111111111111111111111111111111111111111111111111

R
