111111111111111111111111111111111111111111111111111
100000100010000000001000001000000010000000000000001
111110111010111011101010101110101011111111111011101
100010001000001010001010100010101010000000001000101
111011101011111010111110111011101010111111101010101
100000101000100010000000101000001000100000001010101
101111101111101111111111101111111111101111111110101
100010001000101000001000000010001000101000100000101
101010111010101011111010111010111010101010101111111
101000100010101000000010001000100010000010001000001
101111111010101110111111101110101111111111111011101
101000001010100010101000100010100000001000100010101
101011101010111010101010111011111111101010101110101
101000101010001010100010001000000000001010100000105
101110101011101010111110111111111110111010111011101
300010100010101010000000100000000010001010000010001
111010111110101011111111101111111011101011111110101
101000100000101000001000001000001010001010000010101
101111101011101011101011111111101011111011111010111
101000001010001000101010000000001000001000000010001
101010111110111011101010111011101111101111101111101
100010100000101010001010001010000010000000101000001
101110101111101010111011101011111010111011101011101
100010001000100010001010001010001010001010001010001
111011111010111011101010111010101111101110111010111
100010100010001000101010100010100000100000100010001
101110101011101110101010101010111110101111101111101
101010001010100010100010101010100010101000001000101
101010111010111011101111101010101110111011111011101
101000100010001000100010001010100000000010100000101
101111101111101110111010111010111111111110101110101
101004101000000010100000100010000010000000101000101
101010101010111010111110111110111011101111101011101
100010001010100010000010100010001000101000001000101
111111111010111011111011101011111110101011111110101
100000001010001000101000101000000000101010100000101
101111111011101110101110101111111111101010101111101
101000000010001000000010101000000010000010100000001
101011111110101111111110101010111110111110111111111
101010100010101000001000101010000000100000000010001
101010101010111011101011101011111111111110101011101
100010101010000010001000001000100000000010101000101
101110101011111110111111111110111110111011101110101
101000101000000010100000001010100010101000101000101
101010101110111010101011101010101010101110101011101
101010000010100010001010000010001000100010101000001
101111101110101111111011101111111111101110101111101
100000101000100010001000101000000000000000101000101
111110111011111010101110111011111111111111101011101
100000000010000000100010000000000000000000001000001
111111111111111111111111111111111111111111111111111

D
