111111111111111111111115111111111111111111111111111
100010000000100000100000000000100000101000000000001
111011111010101110101111101110101110101010111111101
101010000010100010001000101010001010100010100000101
101010111110111110111110101011111010101110101011101
101010001000000010000000101000000010101000101000101
101011101111111011101111101011101010101011101110101
101010001000001000101000001000101010101010101010001
101010111011101110111011111110101010111010101011111
100010001010001010000010000010101010000010001000001
101111101010111011111110111110101111111110111011101
101000001010100010000000100000100000000010100000101
101010111010101110141011101111111111101110101110101
101010000010101000101010001000000000100000100010101
101111111110101011101110111011111110111111111010111
101000000010101010100000101000100010100000000010001
101011111010101010111111101010101010101111111111101
101000101000100010000000000010001010101000000010101
101110101111101110111111111111111011101010111010101
100000100000101000000010000000101000101010001000101
111111111010101111111011101010101110101011101111101
100000001010100000101000101010100010001000100000101
101110101110111110101110101010101111111110111110101
101010100010000010100000101010100000001010001000101
101010111010111010111110111010111011101010111010101
101010100010101010100010000010001010101000100010101
101010111010101010101011111111101010101111101110101
101010001010001010101010000010101010001000001000101
101011101011111010101010111010101010111011111111101
101000101000100010101010001000100010000010000000101
101110101110101010101010101110111111111010111110101
100000100010101010001010100010000000001010001010101
111110111010101011111011111011111110111011101010101
101000100010001000001000001000001000100010101000101
101011101110111111111111101011101110101110101011101
100000101000100000000000001000100010101000101000001
111111101011101111111111111110111011101110101111101
100000101000101000000000000010100010000000100000101
101110101110101111111111111010101110111111111010101
100010001000100000100000001000101000100000001010101
101010111111111110101111101011101011101111101010111
101010100010000010001000001010101010101000001010001
111011101010111011111011111010101010101011111011101
100010001010001000101000001010100010101010100000101
101110111011101010101111101010111110101010101111101
100010101010001010001000101000001000101010001000101
101010101010111011111010101111101011101011111010101
101010101000101010001010100010000010001000001010001
101010101111101010101010111011111110111111101011101
101000000000001000100010000000000000100000000010001
111111111111111111111111111111111111131111111111111

D
