111111111111111311111111111111111111111111111111111
101000100000000010000000101000000000001000000000001
101010101011111110101110101011101111111011111111101
101010001000000000101010100000101000001000000010101
101110111111111111101010101111101011101111111010101
100010000010001000101010101000001010100000001000101
111011111010111010101014101011111010111110101011101
101000100000100010001000101000001000001000101010001
101110101111101111111011111110101110111011101010111
101000100010001000001000000010100000100010001010001
101011111010111111101111111010111111101111101011101
101000001010001000000000101010001000100000101000101
101111101111101010111110101011101110111110111110101
100010001000001010100010001000101000100010100000101
101010111011111011101011111110101010101010101111101
101010000010000000001000000000101010001010001010001
101111111110111111111111111111101011111111111010111
101000100010000000001000000000101000000000001010001
101010101011111111101110101111101011111110101011101
100010101000001000100010101000001010100010101000101
111110101110101011111010111011111010101010101010101
100000101010100010000010100010001000101010100010101
101111101010111010111110101110101011101010111111101
100010000010001010100000101000101010001000100000001
101010111110101110101110101010101110111110101111101
101000100010100010101010101010100000101000100000101
101111101010111010101010101010111111101011111110101
100010001010100010101010101010101000001000000010101
111010111011101010101010101110101011101111111010101
100010100000001010100010000000100010001000100010101
101110111111111110111111111111101110111010101110111
101010000010000010100000001000001010001010101010001
101011111010111010101111101110111011101010101011101
100000001010101000101000100010000000100010100000101
111011111010101111101011111011111110111110111011101
100010000010000000001000001000001000001010001010001
101110111111111111111111101111101111101010111010101
101000100000000000000000101000001000100010000010101
101011101111101111111110101011111010101111111010111
101010001000101000001010101010001010101000001010001
101010111010101011101010101010101010101011101011101
101000100010101000101000101000100010101010001010001
101111101110101110101011101111111110101010111010101
100010001000100010101000000000001000101010001010101
111011111010101010101110111111101011111011101010111
101000000010101010101000100000101000001010101010001
101111111110101110101110101110101111101010101111101
100000100000100010100010101010100000101010101000101
101111101111111010111011101010111111101010101010101
100000000000001000001000000010000000000010000010001
111111111111111111111111111111111111151111111111111

D
