111111111111111111111111111111111111111111111511111
101000000010000000001000000000000010000000100000001
101110111011111110101111111111101010111110101110111
100010101000100000100000000000001010100010100010001
111010101110101111111111111111111010111010111111101
101000100010101000000000000000100010001000100000001
101111101110101010111111111110101111101011101111111
100010001000101010001000000010101000001000100000001
101010101011101011101011111011101011111110111111101
101010101000001010001000101000101000100010000000001
101010101111111110101110101110101010101011111111101
101010101000000000101000100010001010101000001000101
101110101010111111111011101011111010101111101010111
101000100010100010000010001000001010001000100010001
101011111110101010111111101110101011111010111110101
100010001000101010000000101010101010100010000010101
101110101011101011111110101010101010101111111010101
101000101000001000000010100010101000101000001010101
101011101111111011111110111110111011101011111011101
101010100000001010000010000010000010001000001000001
101010111111101010111011111010111110111111101111101
101010001000101010101000001010001000100000000000101
111010101010101010101110101010111011101111101111101
100010100010101010000010101010100010001000101000001
101111111110101011111010111011101110111010111011111
101000000010000010000010000010001000000010000010001
101011111011111010111111111110111011111111111110101
100010001000101010100000000010101000000000101000101
101110101110101010101011111010101111111110101011101
100000101010100010101010001000100400000010100010001
111111101010111110111010101111101011111110111110101
100000101010001000100010101000001000001000100000101
101010101011101011101110111011111111101011101111101
101010100000101010001000001000000000101010000010001
101011111011101011101011101111111110101011111011101
101000000010001010001000100000000010101010001000101
101111111110101010111110111110101110101010101110101
101010001000101010100000100000101000101010101000101
101010101011111010101111101111111011101010101011101
101000101000000010100000100000000000101000100010101
101111101111111110111110111111111111101111111110101
100000000000100000101000100010000000000000000010001
111111111110101011101011111010111111111110111110111
101000000010101010001000100010000010000010100010001
101010111010111010101110101111111010111010101011101
100010100010000010100000100000101000101010101000101
101110111111111110111111111010101111101011101110101
100010000010000000100000000010001000001000101000101
111011111010111111111111101111101110101110101011101
100000001000000000000000001000000000100010001000001
111111111111111111111111111113111111111111111111111

D
