111111111111111111111111111111111111131111111111111
101000001000000000100000000010000000100000001000001
101010111011101011101111111010111110101111101011101
101010001000101010001000001000100010001000100000101
101110101110101010111110101111101010111110111111101
100010100000101010100000100010001010100000001010001
111010111111101110101111101110111010111011101010111
101010001000001000100000101000101010000010001010001
101011101011101011111110111011101011111110111011101
101010101000101010000000100010001000100000000000101
101010101110111010111111101111101110111011111111101
100010001010000000100000100000100010001010000010001
101110111011111111101110111110111011101110111010101
101000100000000010001000000000100000100000101010101
101110111110111010111111111111101011111111101010111
100010100010001010000010000000001010000000001010001
111010101011101011111011111011111110101111111011101
101010001000001000100010001000001000101000000010001
101010111111101111101110101011101011101011111110101
100010100000101000001000101010001010101010000000101
101111101110111011111011101010111010101011101111101
101000100010001010000010101010001010101010001010001
101010111011101010111110101011101010101010111010111
100010000010101000100000101000101010101000100410001
111111111110101011101111101011101010101111101011101
100010000000001000001000001010001010100000001000101
101110111111111111101011111010111010111111111110101
101000100000000000101010001010001000100000000010101
101011111011111110111011101011101110101111101010101
101000000010000010000010001000100000101000001010101
101111111110111011111110111110111111101011111010101
100000000010101000100010000000100000101010000010001
101111111010101010101010111111101111101011111011111
101000001000001010101010000000100010001000001000101
101011101111111010101011111110111010111111101110101
101000100000100010101000000010001010100000100010101
101110111110101111101111111011101010101011111010101
100010000010100000001000001000101000101000100010001
111011111010111111111010101110101011101110101111101
101000001010100010000010100010001000101000100010001
101111101010101011111110111011111110111010111011101
100010100010101000000000100010001000100010001000101
101010111110101111111111101110101011101110111110111
101000100000100000000010001000100000001010100010001
101110101111111111101011111011111111111010101011101
100010101000100000101000000010001000100000101000101
111011101010101110111011111110101010111011101110101
100010001010101010001000001000101010001010001010001
101110111010101011101111111011101011101110111011101
100000000010001000000000000010000010000000100000001
111111151111111111111111111111111111111111111111111

L
