111111111111111111111111111111111111111111111111111
100010100000000010001000100000000000001000000000001
111010101111101010101010101110111111101010111111101
101010000000101010100010100010001000101010001000101
101010111111101010111110111011101010111011101010101
101010100000001000101000100010001010001010101010001
101011101111111111101011101110111011101010101011111
101000001000100000100010100010100000100000101010001
101111111011101011101110111010101111111110101110101
100000001000001000001000100010101010000010100000101
111011101011111111111010101110101010111010111111101
100010001010000000001010001000100010100010100000101
101111111011111111101011111011111010101110111010101
101000000010000000100010001000001010100010000010101
101011111110111110101110101110101010111011111110101
101010000000001010101010100010101010101000001000101
101010111111101010101010101010111010101111101111101
101010001000101010101000101010000010100010000000001
101011101110101010101111101011111110101010111111101
100010000000101010100000001010000010101010101000101
101110111111101010111111111011101010101010101010101
101000100000101010100010000000001010101000001010101
101110101110101010101110111111111010111111111010101
500010101000101000100000100010000010001000100010101
111010101011101011111111101010111111101010101110111
100010101000001010000000001010000000100010000010001
101111101111111010111111111011111111101111111111101
101000001000001000100000001000000000100010100010001
101110111011101111101011111111111110111010101010111
101000100000100000101010000000100000100000101010001
101011101111101011101010111010101111101111101011101
100010101000101000001010001010100000101010001000001
111110101010111011111011101011111110101010111111101
100000101010001000101000001000000010100010101000001
101111101011101110101111111110101110111010101011111
101000001000100010000010000010100010100010100010001
101011111110111011111110111011111010111110101111101
100010001000100010000010101000100010000000101000003
101110111011101110111010101110101111111111101011101
101000100010101000101010100000001000100000001000101
101110101110101110101010101111101010101111111110101
100000101000000000100000101000101010001000100000101
101111101111111110111111111010111011111010111011111
101000001000000010100000000010001010000010001000001
101011111011111010101111111111101011111011101111101
101010000010001010101000000010001000000010101000001
101010111110111011101011111010101111111110141011101
101000100000001000101010001010101000000000100010001
101111111111101110101110101010111010111111111110111
100000000000000010000000100010000010000000000000001
111111111111111111111111111111111111111111111111111

U
