111111111111111111111111111111131111111111111111111
100010000010000000001000000010000000001000001000001
111010101110111110101011111011111111101010101111101
100010100000100010100010001000000000101010101000101
101111111011101010111110101111111110101010101010101
100000001010001000100000100004000010100010100010101
111111101110111111101111111110111110111110111110101
100000001000100000001000101000100010000000100000101
101111111011101111111010101010101011111111101111101
101000000010101000000010001010101000000000100010001
101111111010101011111111101010101111111110111010101
101000001010001000001000001010101010000010001010101
101011101010111011101110111011101010101010111010101
101000100010001000100010101000001000101010100010101
101010111111101110111010101111111011101110101110101
101010100000100010100010000010000010100010001000101
101110101011111010101110111110111110111011111111101
100000101000000010100010100000000000001010000000001
111111101111111110111011101111111111111010111011111
100000101000001000101000101000000000001000001000001
101110101111101011101110101011111111101111111011101
101000101000001010000010001010100000000000001010001
111010101010111010101011111010101111111111101110111
100010101010100010101000001010000010000010100010001
101110101011101111101111101011111110111010111011101
100010101010001000001000101000001000101010001010001
111011101010111011111011101111101011101010111010101
100010001000100010000000000000101000101010001000101
101010111011111010111110111111101110101010101111101
101010001000000010100010001000100010001010100000101
101111101111101111101010111010101011101011101011101
100000100000101000001010100010001010001000101000101
101110111110111011111011101011111110111110101110101
100010001000100010001000001010000010001000101000101
111011101011101110101111111110111010111011111011101
101000101000100000101000000000101010100010000010001
101110101110101111101011111111101010101110101110111
101000101000101000001000100000001000101000101000101
101011101011111011101110101010111111101110101011101
100010101000100010001000101010100010001000101000101
101110101110101110111011111011101010111010111110101
100000100000101000100010000010001010100010100000101
111110111111101111101110111010111010101011101111101
100000100010000000100000101010100000101000001000101
101111101011111110111111101010111111101111111010101
100000001000100010000000000010001000100010000010001
111111111110101011111111111111101010111010111111101
100000000010101000100010001000001010001000100010001
101111111010101110101010101011111010111111101010111
100000001000001000001000100010000010000000001000001
111111111111111111111111111111111111111111111511111

L
