151111111111111111111111111111111111111111111111111
101010000000001000000000100000100000000000000000001
101010111011101111111010111010111011111011111111101
101000001000101000001010000010001010100010000000001
101111101110101011101011111111101010101111111011111
100000101000100010001010000010001000100010001000101
111110111011111110111011101010111011111010101110101
100010100010000010001010001010100010000010101000101
101010101110101111101010111110101110111110101011101
101000100010100000100010000000100010100000101000001
101111111010111011111110111111111010101111101111101
101000100010101000000010100000100010000010100010001
101010101110101110111010101110101111111010111011111
100010001000000010101010001000100010001000001000001
111111111011111110101011111011111110101110111111101
100000001010000000100010001010000010100010100000101
101111101110111111101110101010111010111011101110101
101000100000100000000000101010100010001000001000101
101010111111101111111111111010101111101111111011101
100010000010001000100000001010100000100000001000001
101111111010111010101111101010111110111111101111101
101000000010000010100000101010101000100000001000001
101011111111111011101111101010101011101111111011111
101000001000000010001000101000101010001000001000101
101111101011111110111010101111101010111011101110101
100010001000001000001010101000000010000000101010001
111010111111101011111010101011111110111111101011101
100010000000101000100010001010000010001000001010001
101111111110111110101111111010111111101011111010111
101000000010000000101000001010100000101010100010001
101110111011111111101011101010101110101010101011101
100010001000000000100010100010101010001010101010001
111010111110111110111110111110101011111010101010111
101010100000100010100000100000000000100010101000101
101010101111101010101110101111111111101110101111101
101010101000101000101010101000000000001000001000001
101011101010101111101010111011111111111011111010111
101000001010001000001000000010000000001010000010001
101111111011111111101111111111111011101411101111101
100000100010000000100000000000100010001000101000001
101010101110111110111111111110101110111110101011101
101010101000100000000000000000100010000010101010101
101011101011111111111111111111111011111010111010101
101010001000000000000010000000100010001010001010001
101010111111111110111010111010101110101011101010111
101010100000100010100010001010001000101010001010101
111010111010101010101111101011111011101010111010101
100010001010101010100010001000000010001010001010101
101111101010101011111010111111111110111111101010101
100000000010001000000010000000000010000000000010001
111111111111111111111111111111111111111111131111111

U
