111111111111111111111111111111111111131111111111111
101000100000000000001000001000000010000000001040001
101010101111111111101110101011101110111011111010111
101010001000100000101000101000101000001000000010001
101011111010101110101011101010101011111111101111101
100010000010100010100010001010101010000000100000101
111111101111111010111110111110111010111110111111101
100000101000000010000010100010100010001000000000001
101010101011111110111110101010101111101011111111111
101010100000100000100000101010101000101000100000001
111010111110101111101111101010101011101111101111101
100010000010101000001000001010101010001000000000101
101111111010101011111110101010101010101011111111101
100010100010101000000010101010001010101010001000001
111010101111101111111011101011101010111010101011101
100010001000100000001000001000100010100000101010101
101110111010111110101111111110111110101111111010101
100010000010000010100010001000100010001000001010101
101011111111111011101010111011101010111011101010101
101010100000001000001010100010001010001010100010101
101010101111101011111010101111101011111010111110101
101010001000100010001000100000101000100010000000101
101011111010111110101110111110101110101110111110101
101000001010100000100010100000100010001000000010101
101111101010101111111011101111101011111111111110101
100000100010100010001000001000101000000010000010001
101111111110111010101111111010111111111010111011101
101000001000001010100000100010000000000010001000101
101011101011111010111110101111111111111011101110101
101010000010001010001010001000100000100010001000101
101010111110101010101011101010101110111110111011101
101010001000100010101000101010000010000000001010001
111011111011111110101010101011111111111111101010111
100010000010100000101010001000100000000010001010101
101110111110101111101011111110101111111010111010101
100000100000000000101000100000100000100010001010101
101111111111111110101111101111111110101110111010101
101000000010000010101000000010000010100010100010101
101111101010111010101011111110111010111011101110101
101000001000100010101010000010101000101010001010001
101011111111101110101010111010101111101010111011101
100010000000101000100010101000101000001010001000101
111110111110101011111110101111101011101011101011101
100010100010101010100000100000100010101000001000001
111010101010101010101111111110101110101111111011111
100010001010101000100010000000100000101000000010001
101111111010101111111010101110111110101011111111101
101000100010101000100010101000001000100010000010001
101010101110101010101110101111111011111110111010101
100010000010000010001000100000000000000000100000101
111111111111111111111111111111111511111111111111111

R
