111111111111111111111111111111111111111111111111111
100010000010001000100000000010000010000000001000001
111011101010101010101110111010111010111111101010101
101000001000101010100010001010001000000010001010101
101111111111101010111111101010111111111010111010111
100000100000100010000000101010100010001010000010001
101110111110111111111110101010101011101011111111101
100010000010000010001000101010101000100000100010001
101011111011101010101011101010101110111110101010111
101000100000001010101000001010101010001000001010001
111110111111111010101111111010101011101111111111101
500000100010000010100000001010101000001000100000001
101111101011111110111110111010101011111010101111111
100010001000000000100010100010101010000010100000001
101010111111111111101010101111101011101110111110101
101010001000001000001000100010001000001010000010101
111011101011111010111110111010111111111011111011101
100010001010001010100010001010000000100000001000001
101010111010101010101011111011101110111011101111101
101010100010101010101000001000100010001010001000001
101010101110101011101111101110111111101010111011111
101010100000101000101000100010100000001010100010001
101010111111101110101011101110101111111010101110101
101010000010001010001010001000101000001010100010101
101111111010101011111010111011101011101110111010101
101000100010101000000010001000001010001000001010101
101010101110101110111111101111111010111011101011101
100010001000100010001000100000000010000010001000001
101111111011111011101010101111111111111111111111101
100000100010001000101010100000001040000000000000101
111110101111101110101010111111101011111111101011101
100010001000001000100010000000101000001000001010001
101111111010111011101110111110101011111011101110111
101000001010001010101010000010100010000010101000101
101010101011101010101011111010111110111110101011101
100010101000100010000000101010100010101000001000001
101110101110111110111110101010101010101011111111101
101000100010001000100010101010001010100000001000003
101011111111101011101010101011111110111111111011111
101000100000101010001010001000000010000000001000101
111110101110101110111011111111101011111111101110101
100000100010001000100010000000101010000000100000101
101111111011111011101110111110111010101110111111101
100000001000000010100010100010001000100010100000001
101110101111111110111010101011101011111010111111101
101000101000000000001000101000101010001010001000001
111011111010111111111111101111101110101011101011101
100010000010000000000000100000001000100010001010101
101110111111111111111110101111111011111110111010101
100000000000000000000010000000000010000000000010001
111111111111111111111111111111111111111111111111111

L
