111115111111111111111111111111111111111111111111111
100010000000100000100000000000100000000000000010001
111010111110101110111111101110101111101011111010101
100010001010001010100000001010101000101000001000101
101110101011111010101111111010101010111111101111101
101000101000000010101000000010101010000000001000101
101111101110111010101111101010101011111111111010111
101000001000101010001000001010101000000000100010001
101011111011101011111010111110101111111110101111101
101010001010100000000010100000101000000010000000101
101010101010101111111011101111101110111011111111101
101010100010101000001010001000000010001010000000001
101010111110101011101110111011111011111010111111111
100010001000101010100010100010001000000010000010001
111111101110101010111010111110101111111011111010101
100000001000101010001010000000101010001010001000101
111011111011101011101011111111101010101010101111101
100010001000001000001000000010001000101010100000101
101110101111111110111111101110111111101010111110101
100000100000000000100000001000100000001010100000101
101111111111111111101111101011111010111010111011101
100000001010001000001000101010001010100010001000101
111111101010101011111110101010101011101111101110101
100000101000101000000010001010101000100000101010001
101111101111101111111011111010101110111011101011101
101000001000000010000010001000100010000010001010001
101011111011111010111010101111111010111110111010111
100010000010000010001010100000001010000010100010101
101111111011111111101110111111101011111010101110101
100000000010000000101000100000001010001010100000101
111111111010111110101011101111111010101010101111101
101000000010100000101000100000100010100010101010001
101011111110101111101110111110101111111010101010101
101010100000101000001000101000101000001010101000101
101010101111101011111011101011101010101110101011101
100000100010100010000010001000001010100010101010001
111111111010111010111111101111111010111010101110111
100000100010100010001000001000001010100000100010001
101110101110101111101011101110101010111111111010101
100010001000001000001000100000101010001000001010101
111010111111111011111010111111101111101010101011101
100010100000000010000010001000101000001010101000101
101110101111111110111111101110101011111010111110101
101010101000001000100004001000100010001010000010001
101010101111101011101111111011111110111011101011101
101000100000100010100000001000100000000010001000101
101111111110111010111111101110101111111110111111101
101000000010001000001000100010100010100000100000101
101011101111101111111010111010111010101111101110101
100000100000000000000010000010000000100000000010001
111111111111111111111111111113111111111111111111111

L
