111111111111111115111111111111111111111111111111111
100010000000100010000000100000100000000000001000001
111010111010101011101110101110101111101111101111101
101010001010001000001000100010100000100000100000001
101011101011111111111011101010111111111010111111101
101000101000000010001010001010100000001010100010001
101110101111111011101011111010101111101010101110111
100010101000100010001000000010001000001010100000101
101010101110101110111111111111111011111110101111101
101010100000101010000000000000100010000000100010001
101010111111101010111111111110101111101111111010101
101010100010001010100010000000101000001000100010101
101010101010111010101010111111101011111110101110101
101010001000101000101010001000100010000000100010101
101111111111101011101011101010111110101111111011101
100000001000001010001000100010001000100000001010001
101111101010111010111111111110111011111111101010111
100010100010000010000000000010000010000000100010001
111010111111111111111111101011111110101111111111101
100010000000000000100010001000001000101000000000001
101111101111111110101010111111101110101010111111101
101000001000000010001010100010000010101010000010101
101011111011111111111010101011111010101011111010101
100010001000000000001010001000001000101010100010101
111110111011111111101010111111101111111010101110101
101000001010100000100010100000100000000000101010001
101011101010101011111110101110111111111110101010111
100010101010001000001000101000000010001000101000101
101110101010111111101011111011111110101110101011101
100000100010100000100000000010000000100010101000101
111110111110101110111111111010111111111011101110101
100010100010001010100010000010100000101000001000101
101110101011111010101011111010101110101110111110101
100000101000100010101000001010000010100000100010001
101111101111101010101111101011111010111111101011101
101000000000001000101000001010001010000000101000101
101111101111111111101110111110101111111010101110101
100000100000100000100010100000101000001010001000101
111110111110101110101010101111101011101111101011101
100000100000100010101010001000100010001000101010001
101111111111111010101011111010111110111010111010111
100000001000001010101000001010000000100010001010001
111111101011101010101111101011111111111011101011101
101000001000100010100000101000000000000010100010101
101011111010111110111110101111111111111110111110101
100010000010100010001000101000001000001000000000101
101111111110101011101111101011111010111011111110101
101000001004101000101000101000001010001000000010001
101110101011101011101010101011101011101111111011111
100000100010001000000010001000100000100000000000001
111111111111111113111111111111111111111111111111111

L
