111111111111111111111111111111111511111111111111111
101000000000001000001000000000000010001000000010001
101111111110101110101011111110111010101110101010111
101000000000100010100000001000101000100010101010001
101011111111111010111111101011101111111011101011101
100010001000000010100000101010000000001000101000101
111111101011111110101110101010101110111110101110101
100000001010000010101000101010101000100000100010101
111011101010111011101011111010101011101111111010101
100010001010100000101010000010101010001000000010001
101011111010111110101011101110101110111010111111111
101010000010100010001000100010100000100010100000001
101110111110101011111110111010111111101011101111101
101000100000101010001000000010100000101010001000101
101011101110101010101011111110111010101110111010101
101010001000101010101010000010000010100000000010101
101010111010101011101010111011111110111111111110101
101010001010101000100010001000001000000010000010101
101011101011101110111111101111101011111010111011101
101010001000000010000000101000101010001000101000101
101011111110111111111010101011101110101111101110101
101000000010101000000010101000100000100000101000101
101111111010101011111110101010111111111110101011101
100000001010001000100000101010000010000000100010001
101011111011111010101111101011101110111111101111101
101000001010001010100000101000100010000010100000101
101111101010101110111111101011111011111010111110101
101000100010100000100000101010000010001010000010001
101110111110111111101110101110111010101010111011101
100000000010000000000010000010100000101010100000101
111111111011111111111111111010111111111011101011101
100010001000001000100010001010001000000010001010001
101010111111101010101010101011101011111110111010111
101000100000101010001000101000001010000000101010101
101111101010101011111111101111111010111011101010101
100000001010100010000000100000000010041000100010001
111111111010111111101010111111111111101110111111101
100000000010001000101010000000100000101010000000101
101111111111101010101011101111101110101011111010101
101000000000100010101000101000000010101000100010101
101111111110111110101110111011111110101011101111101
101000000010000000100010000010001000100010001000101
101011111011111110111111101110101010101110111010101
101010001000100010000000101000100010101000100010001
101010111110101011111110111011111011101010101111111
101010100000101010100000000010000010001010101000001
101010101110101010101111111110111110111011101110101
101010100010101010000010001000100000101000001000101
101010111011101011111110101111101111101111111011101
100000001000001000000000100000000000000000000010001
111111111111131111111111111111111111111111111111111

L
