111111111511111111111111111111111111111111111111111
101000000000001000000000100000100000000010000000001
101011101111101011111110101011101111101011111110101
101000101000001010000010001000100000101000100010101
101011101011111010111011111110111110101110101011101
101010001000001010001000001010000000100010001000101
101010101111111011101011101011111111101011111110101
101010101000001000101010000010100000101010001000001
101110111011101110101011111010101110101010101111111
100010001010001000101000101010101000101000101000001
111011101010101011111010101010101011111110101011101
101000100010101000001010101000101000100010100010001
101110101110101111101110101011101110101011111110101
100000100010101000001000100010001000101010000010101
101111111110101011111011101110111110101010111010111
100000001000101010000010100010100010001000100010001
111111101011101010111110111010101011111111101111101
100000001010001000100000001010001000001000100010001
101111111010111111101111101011111111101010111010111
100000100010101000001000100010000010001010100010001
111110101110101011111110111110111010111011101111101
101000101000001000000000100000100010001000100000101
101011101111111011111011101111101110101010111110101
100010000010000010001010001010001010101010001000101
101110111010111110101110111010111010101111101011101
101000101010100010100010101000101000101000001000101
101110101010101110111010101011101011101011101110101
100010101010100010100010101010100010001000101010001
111010101010101010101110101010101110111110101011101
100010001000101010100000100010100010000010100000101
101110111110111010111111101110101111111410101111101
100010100010100010100000101000001000000010101000001
111011101010101110101110101111111011111110111011111
101000001010100010100010101000000010000000100010001
101111111010111010111011101011111110111111101110101
100000001010000010001000001010001000100000001000101
111110101011111011101011111010101110101111111110101
100010101000100000101000101000100010000000001000101
101011101110111111101110101011111011111111101011101
101000100010100000001010100010001000100000100010001
101110101110101111111010101110101110101110111110111
101010101000101000100010101000101010101000100010101
101010101011101011101010101011101010101011101010101
101010001000101000101000100010000010101010001010101
101010111110101110101111101111101110101010111010101
101000100000100010101000001000101000101000100010001
101110101111111010101110111010111011101111111111101
100010101000001010100010100010001010001000100010001
101011101011101010111011101111101010101010101010111
101000000010000010000000001000000010100010001000001
111111111111111111111113111111111111111111111111111

U
