111111111111111111111111111111111511111111111111111
100000001000000000101000000000000000000000000000101
111111101011111110101011111111111011111110111110101
100000001010001000001010000000001000000010101000101
101111111011101011111010111111101111111110101011101
100000100000100000100010100010001000100000100010001
111110101110111111101110111010111010101111101111101
100010100010000000001000100010100010100000100000101
101110111011111111111011101010111010111110111110101
101000101010001000001010001010001010000000100010001
101011101010111011101010101111101011111011101011111
100010001010100000101010101000001010000010001000001
101111101010101111101010101011111011101110111111101
101000001010100010001010100010000000100010000000101
101011101010111010111011111010111110111011111110101
101000101010000010100010001010100010001000100000101
101010111011111110101110101010111011101110101111101
101010000000001000100000101010001000101000100000101
101111111111101011111111101011101011101011111110101
100000100000101000000000101000100010001000100010101
111110101110101110101110101110111110111111101010101
101000101010100010101000101010100010000000001010101
101011101010111011101011101010101011111111101010101
101000001010001000101010001010001000000000101000101
101111111011101110101010111011111111111110101111101
100000100000100010001010001000000000001010100010001
101110101110111011101111101111111011101010101110101
100010101000100010001000101000000010100010101000101
111010101011101110111010101011111110111010101011111
101010001000100010001010101010000000000010101000001
101011111110111011111010101011101111111110101111101
100010000010001000000010001000101010000010100000101
101110111010101111111111111010101010111010111111101
100010100010100000100000000010101010100010001000001
111010111011111110101111111110101010101111101011101
100010001000000000100010001000100010100000101010001
101111101011111110111010101011111110111110101010111
100010001010001000001010100010000010100010100010101
111010111010101110111010111010111010111010111110101
101010001010100010100010001010101000100010000010001
101011101110111011101111101110101111101111101111101
100010100010001000001000101000100000000000101000001
101110111011101111111011101011111011111110101011111
101010001000100010100000101000001000100000101000101
101010101110111010101110101111101111101110101110101
101000100010000010001000100000001000001000100010001
101110101011111111101010111111111011111011101111101
100010101000001004101010000000001000100010100000001
111011101111101010111011111111101110101110111111111
100000001000000010000010000000000000100000000000001
111111111111111111111111111111111311111111111111111

L
