111111111111111111111111111111151111111111111111111
100010000000001000000000100000100000001000001000001
111010111111101010111110101110101111101010111010111
100010000010001010001010100010001000100010000010001
101111111011101011101010111011111110111111111110101
100000001000101010101010001010000000001000000010101
111111101110101010101011101011111011111011111011101
100000100010101010101000101010000010000010001000101
101110111010101010101110101010101110111110101110101
101000100010101010100010101000101000100010100010001
111010101110101010111010101111111011101110101011101
100010100010101000001010100000000010000000101000101
101110111010101111101010111111111111111011101110101
100010001010101000001010000010000000001000101000101
101011111010111011111010111010111111101110101111101
101000001010000010000010001010001010001000100000101
101111101010111110111111101011101010111111111110101
100000100010100000101000001000001000100000000000101
111110111111101111101010111011111011101111111111101
100000100000001000001010001010001000001000100010001
101111101111111110111011101110101110111010101010111
101000000000000010100010100000100010100010101010101
101110111111111010101110111111111010101110101010101
100010000010001010100010000000001010100010001000101
111011111010111010111010111011111011111011111111101
101010001000100010001010001010001000000010000000001
101010101110101110111011101010101111111111111111101
100010100010101000001000101000100000100000000000101
101110111010101111101110101111111011101011111110101
100000101010100000100010100000101000001000001000101
111111101011111010101010111110101111111111101011101
100000001010001010101010001000000000001000001000101
101110111010101110101111101011111111111011111110101
100010100010100000101000001010100010000010000010001
101110101110111111101011111010101010111110111011101
101000101000100010001010000000101010001000001000101
101010101011111010101011111110101011101111101011101
101010100010000010100010000010101000100010001000001
101010111111101010111110111011101110101011101111111
101010001000001010100010100010001000101000101000001
111011101010111110101010111010111011101110101111101
100010001010000010001010001000100010001010100000001
101111111011111011111010101111101110111010111111101
101000100010000000001010100000101010000010100010001
101010101110111111111010111110101011101110101110111
100010001010000000000010100010101000001000101000101
101111111011111111111111101010101011111011101011101
100000104010001000001000001010101010001010001000101
111110101010101011101011111010101110101010101110101
100000001000100010000010000000100000100010100000001
111111111111111311111111111111111111111111111111111

L
