111111111111111111111111111111111111111111111111111
100000100010001000100000000010100010000000000010001
111110101010101010101110111010101010111011111011101
100010101000100010000010001010001000101000001010001
101110111111111111111111101011101111101111101010101
101000100000001000000010001000100010000010101000101
101011101111101011111010111110111011101010101111111
101000101000100010100010001010100010001000101000001
101110101011111110101111101010101110111110101011101
100010101000000000100010001000100010000010100010001
111010101010111110111010111011111010111010111110111
100010001010000010100010100010001010100010000010001
101111111111111011101110101110101011101111111111101
101000000000000010001000100010101000100000001000001
101011111011111010111010111010111110111111101011101
100010001000001010001010001010100010000000101010005
101110101111101111101111101010101011111110101011111
100010100000100000100000001010001000101000101000001
111010111110111110111111111010111010101011101111101
101010100010001000001000100010001010001010000000101
101010101011101011101011101111101011111010111111101
101010101010000010101000100000101000000010000000101
101010101011111110101110111110111011111111111110101
101010101010000010000010000010001000000000100010101
101010101010111011111010111011101111111110101010101
100010001000001010001010100010001000001000001000101
101111111111111010101010101110111110101011111111101
100000001000001000101000101010100010100000100010001
101111111011101110101111101010101010111111101010101
101000000010100010100010001010001010001000001000101
101011111110111011111010111011111011101011111111101
101000001000001000000010100000101000101004100010001
111111101010101111111110101110101110101110111010111
100000001010100010000000100010000010101010001000001
101011111010111110111111111010111110101011101111101
101010001010000000100010000010100000100010100000101
101110101011111111101011101110101111111010111110111
301000101000000000001000001000101000100000001010001
101011101110111111111111111111101010111111101011101
100010100010100000000000000000101010000000101010001
101110111011101111111111111110101011111110101010101
100000001000001000000010000010100010001000100010101
111111101111111011111011101010111110101011111110101
100000100010000000100010001010001000100010000000101
111110111011111110101110111111101011111110101011111
100000001000100000100010000000101000001000101010001
101111111110101111111010111010101111101110101110101
101000000010101000001010001010100000100010100000101
101011111010101011111011111010101111111011111111101
100000001000001000000000000010100000000000000000001
111111111111111111111111111111111111111111111111111

L
