111111111111111111111111111511111111111111111111111
100010000000100000000000100010000000001000000000001
111011101111101111111010111010111110101011101111111
101000100010001000000010100010001000101000101000041
101110111010111011111110101111101011101110101011101
100000100010100010001000100000001000101000100010001
101111101110101111101011101111111110101011111110101
101000100000100000101010100000000010101010001000101
101010101111111110101010111111111010111010101011101
100010100010000010101010000000001010000010101010001
111110111011101010101010101111111011111110101011111
100010001000001010100010101000001010000010101000001
101111101111111010101110111011101011101011101111101
100010001000000010100010100010001000101010001000101
111010111011111010111010101110111110101010101010101
100010100010001010100010001010000000001000100010101
101010111110101110101111101011111111111111111111101
101010000000100000100000100000001000100000100000001
101111111111111111111110111111101110101110101111101
100000000000000000100000100000100010100010001000001
101111101111111111101111101011111010111011111111101
101010001000000000101000101000000000001000001000101
101010111011111110101010111111111111101111101010101
100010000010000010001010001000100000100000100010101
111011111110111011111011101010101110111111111110111
100010000010001000001010100010101010100000000010001
101110101011101011101010111110101010101111111011101
101000101000101010100010001000101010001000001000101
101111101110111010111110111011101011111011101110101
100000101010001010001000001010001000000010101000101
111110101011101010101011101010111010111110101011101
100010101000001010100010001000100010001000001010001
111010101110111010111110101111101111101111111010111
100010100010000010100010101000100000100010000010001
101010111011111110111010101010101111111010111110101
101010000010000010000010101010001000000010001000101
101011111110111011111010101011111011111111101111101
101000000010100000100010101000001000100000100010001
101111111110101111101110101110111110101010111010101
101000100010101000001000100010100010001010100010101
101010101010101011111011111010101011111011101110111
100010001000100010100010001010101000000010001000001
101111111111111110101110111010101111101110111111101
101000000000000000100010000010100010001000100000101
101011101111111110111011111011111010111011101110101
101000100000101000101000001000000010001010001010001
101111111110101011101111101111111111111010111011101
101000100010101010000000101000000000001000100010001
101010101010101011111110101011111111101111101110111
100010001000100000000000100000000000100000000000001
111111111111111111131111111111111111111111111111111

L
