111111111111111111111111111111111111111111111111111
101000000000000000001000000000000010000010000010001
101111101111111010111011111011111011101010111011101
100000101000100010100010001010001000001000100000101
111110101010101111101110101010101111111111111110101
100000100010100000001000101000100000000000000010001
101111111011111110111011101111111111111111111011101
101000001010000010100010000000100010001000100010101
101110111010111011101111111110101010101010101110101
100010000010101000100000100010001000101010101000101
111010111110101110101110101011111111101010101010101
101010001000100000100010001000001000000010101010101
101010111011101111111011111111101111111110101110101
101010100010001000100010000000100000100000100010101
101011101110111010101111111010111110101111111010101
101000001010000010100000100010001040100000000010001
101111111011111110111110101111111011111011111110111
500000000000001000100010001000000010100010001010003
101110111111111011111011101011111110101110101011101
100010000010000010000000101010001000001010101000001
111011111010111110111110101010101011111010101111111
101010001000100000100000101010100010000010100000001
101010111111101111111110101011111011111010111110101
100010001000001000000010101000001000001010100010101
101111101010111011111011101111101111101010101011101
101000100010000000001000101000100000100010101000001
101010111111111111101110101110111110111110101111101
101010100000001000001000101000001010000010100010001
101010101111101011111011101011101011111010111011111
100010101000001010001010001010001000100010101000001
111110101110111110101010111010111110101110101111101
100010100010100010100010000010100000100010000010001
111010111010101010111111111110101111111011111010101
100010100010001000100010000010100000001000000010101
101110101111111011101010111010111110111111111110111
101000101000100010001000100010000010000010000010001
101011101010101110111111101111111011111010101011101
101010001010101010000000100010000010001000101010001
101010111010101011111110111010111110101111101110111
100010001010100000001000101010000000101000100010001
101111101010111111101011101011111111101010111011101
100000100010000010001000001000000000100010000010001
111110111111111011111111101011111111111111111010111
100010000010000010000010001000000000100000000010001
101111111010111110111010111111111010101111111111101
101000001010001000001000001000001010000010000000001
101011101010101011111111111011101111111010111111101
101000100010100000100000001010100000100010001010001
101110111111111111101111101010111110111111101010111
100000000000000000001000000010000000000000001000001
111111111111111111111111111111111111111111111111111

L
