111111111111111111111111111111131111111111111111111
100000100000000010001000000000004000000000100000001
111110101011111010101110111111111010111110101011111
100010101010001000100010100010001010000010101010001
101010111010111111111010101010101111111010101010101
101010000010100000001010101010101000000010101000101
101011111110101110111010111010101011111110101111101
101000001000001000100010001010100010001000101000101
111110111011111011101111101010111111101011101010101
100000100010001000001000001010000010001010101010101
101111101110101111111011111011111010111010101011101
101000001000101000001010000010000010100010101010001
101011111010101011101011101010111110101110101010101
100010000010100010101000101010001000001000001010101
101111111010111110101110101011101011111011111010101
101000001010000010001010101000101010001000100010101
101110101011111010111010101111101010101110111010111
100000101000001010100000101000001010100010100010001
111111101111111010111011101011111010111110101111101
100000100010000010001010001000101010000010100000101
101011111010111111101010101110101011111010111011101
101010000010100010001000100010101000001000000010001
101010111110101010111111111010101111101011111110111
101010001000101010000010001010101000001010000010001
101111101011111011111010101110101011111110111011101
100000100010001000100010100000101000000000101000101
101011111110101010101110111111101111111111101110101
101000000010100010100010100010001000001000100010001
101110111010111110111010101010101010101010101011101
100010001010001000100010101000100010100010001000101
111111101011101111101110111111111010111111111111101
100000101000001000100010100010001010100000000000001
101110101111111010111010101010101010101111111110111
101000101000000010001010001000101010000010000010101
101110101011111111101011101111101011111110111010101
100010101000000010001000100010001010000000001010101
101010101111111010111110111110111010111111111010101
101010000010001010000010000010001010001010000010101
101011111010101011111011111010101111101010111110101
101010100010100010001000001010100000101010000010001
101010101110111111101111101011111110101011111011101
101010001000100000001000001000000010000000001000101
101010111011111011101011111111111011111110111110101
101010001010000010001000000000000010001000100000101
101011111010101110111111111111111110101111101111101
101010000010100010001000000000000010100000101010001
101010111111111011101111111110111010111110101010111
101010000010000010100000100000100010001010001010001
101011111010111110111110101111101111101011111011101
101000000000100000000000001000000000001000000000001
111111111111111111111111111111111511111111111111111

R
