111111111111111111111111111111111111111111111111111
101000000000100010000000100000000000000000000000101
101011111010101010111110111111111111101011111110101
101000001010001010000010000000100000101000100010001
101111111011111010111011111110101110101110101011111
100000000010100010001000100010100010100010101000001
111111111110101111111110101010101010111110101111101
100000100000101000000010101000101010100010001000001
111010101110101011111010101111111010101011111011101
100010101010100010001010100000001010001000000010101
101111101010111111101010111111101011111111111110101
101000001010001000001010100000101000000010000000001
101011111010101010111010111010101111111010111111111
100010000010101010001010100010100000001010100000001
101110101110101011101010101110111111101010111110101
100010101000101010101000100010000010100010100000101
111010101011111010101111111011111010111110101111101
101010101000001000100000100010001000000010100000101
101010111110101110101110101110101111101110111110101
101000100010100000100010101000101000001000100000101
101011101011111111111010101110111011111011101111101
101010001000000000000010100010001000001010001000101
101010111111111111111110101011101111101010111010101
100010100000000010000010101000100000101000101010001
101110111110111010101110101110101110101111101011111
100010000010001000101000101010101000101000001010001
111011111011101011111011101010111011101011111011101
100010001000101010000010000010001000000010000010001
101111101110101010111111111011101111101110111110101
100000101000101010000010001000101000101000101000105
111110101011101111111010101111101010111011101010111
100000001010000010001000100010001010000010001010001
101111111010111010101111111010111011111110111011101
100000100010001000100000001010001000001000000000101
111110101111101111101111111010101111101110111111101
100000100010001000100000100010100000100010001000101
101111111010111011111110101111111011111011101010101
101000000010000010000010001000001000001010001010001
101011111110111110111010111110101111101010111011101
301010000010100000001010100000100000101010001000101
101010111011101111111010111011111110101011101110101
101010101010001000000010000010100000101010000010101
101010101410111011111111111110101111101011111010101
101000101010101000001000000010000000001000001010101
101111101010101111101011111011111111101111101110101
101000001000101000101010001000100010001000001000101
101011111111101010101011101110111010111011111011101
101000000000001010001000000010001000001000100000101
101111111111101011111111111011101111111110111110101
100000000000001000000000000000100000000000000000101
111111111111111111111111111111111111111111111111111

D
