111111111111111111111111111111111111111111111111111
101010000010001000000000000010001000000010000010005
101010111010101011111011111011101011101110101011101
101000001000100010000010001000101010100000101000001
101011111111111110111110101110101010111111101111101
101010001000100000100000101000100010000010001000001
101010101010101111101111101011101110111110111011111
101010100010001000100000101010000000100010001000001
101010111111111010111011101011111111101011101111101
101010000010000010100010001010000000001000100000101
101011111010101110101110101010111111111110111110101
101010100010101000101000101000100000100010000000101
101010101111101111101011101111111010101011111111101
101010100000100000001010001000000010001010000010001
101010111110101111111011111010111111111010101110111
101000000010101000000010000010001000001010101000101
101111111110101011101110111111101110101010111011101
100000000000101010001000100000001000101000100010001
111111111111101010111011101111111010111011101111101
100000100010001010100010001000001010100010001000001
101110101011111010101110111110101010101110111011101
101000001000100010101000100000100010101000100010001
101111111110101110101011101110111111101011101011111
101400100000001000101000100010100000001000101000001
101010101111111111101110101010101111111110111111101
101010101000000000101010101010101000000010000000001
101010111011111110101010101011101011111011111111101
100010001010000010000010101000101000001000100000001
101111101011111011111110111110101111101011101111111
100010001000100010000000100010000010001000101000001
111010101110101110101111101011111110111110101110101
300010101010001000101000001000100000101000101000101
101110101011101011101011111110101111101011101011101
101000100010101000101010000010100010001000101000101
101011111010101110111010111010111010101110101010101
101010001000100010000010001010000010100010001010101
111010101111111011111110101011111110101111111010101
100010101000001000001010101010000000100000000010101
101110101011101111101010101011111110111111111110111
100000100010100010001000101000000010001000100010001
101111111110101110111110101111111011111010101011101
100010000000100000100010101000000000000010001000101
111010111110111111101010101111111111111111111110101
101010001000100000001010100000001000001000000000101
101010101011111111101011101111101011111011111111101
100010101000000000101000100000101000100010100000001
101111101111111110101110101111101110101110101111101
100000100010000010101000101000001000101000000010001
111110111010111010101011111011111011101111111110101
100000000010001000001000000010000000000000000000101
111111111111111111111111111111111111111111111111111

R
