111111111111111111151111111111111111111111111111111
101000001000100000000010000000100000000010000000001
101111101010101111101010111011101111111010111110101
100000100010001000001010001000101000001010001000101
111110101111111011111110111110101011101011101011111
100010101000001000001000100010001000101000001000001
101010101110101111101011101011111010101011111111101
101010100010101000100000101010001010101000100000101
101010111010101010111110101010101110101111101110101
101010100000100010100010101000100010100000100010001
101010101111111111101011101111111010111110111011101
101010101000000000001000100010001010001010001000101
111010111011111111111110101010111011101011101110111
100010001010100000000010101010000010001000100010001
101111101010101111111010111010111110111110111010101
101000101010100000100010100010000000100000100010101
101010101010111011101110101111111111101011101111101
100010101010000010001000100000001010001000001000001
101110101010111110101011111011101010111111111011101
101000101010001000101000001010001010001000001010101
111010101011111011111111101110111011101110101010101
100010100010001000000000101000100010100000100010001
101111111110101111111010101011101010111111111110111
101000000000100000000010101010001010100000001010101
101011111011111111111110101011101010101011101010101
101010001010000010000000100010001000101010000010001
101010111010111011111011111110111110101011111111101
101010100010100010001000100000101000101000000000001
101010101110101110101110101111101011101111111111111
101000100010100040100010001010000010101000000010001
101110111010111111111011111010111110101110101110101
100010101010100000000010001000000000100010100000101
101110101010101111111110101111111111111011111111101
101000101000100010000000100000000000001000100000001
101011101111111010111111111111111110111110101111111
101000100000001010001000000000100000100000100000001
101110101110111011101011101111101110101111101111101
101000101000100010001010100000101000100000101000101
101011111011101010111010111110101110111110101010101
101010000010001010001010100000100010000010101010101
101010111010111111101010101111111011111110111010101
100010001010001000001000100000001010000000100010001
101111101111101011111011111110111010111111101111111
100000001000001000001010000010100010001000100010001
111110111011101111101110111010101111101010111010101
100010100010000000101000100010100000100010001000101
111010101111111111101011111010111110111111101011101
100010100000000010001000001010001000100000101000101
101110111111111010111111101011101011101110101111101
100000000000001000000000001000001000000010000000001
131111111111111111111111111111111111111111111111111

R
