111111111111111111111111111511111111111111111111111
100000100000000000000010001000001000001000000000001
111110101111111110101010101011101010101111111111101
100010101000000010101010101000100010100010000010001
101010111011111011101010101110111110111010111010101
101010001000100000001010100010100010001010101000101
111011101010111111111110101110111011101010101011111
100000101010000000000010100000100010001000101010001
101110101111111011111010111111101010111111101010101
100010100000001010001000000000001010100000000010101
101010111111101010101111111110111110111111111110101
101010001000001010100000100010100000100010001000101
101011101011111011101011101011101110101010101011101
101000101000100010001010001000101000101000100010001
101110101110101110111010111110101011101111111110101
100010101000100010100010100010101010100010000010101
111110111011111010111110101010101010111011101010101
100010001000001010100000101000001000100000001010101
101011101111101010101111111011111111101111111010101
101000001010001010100010001010000000100010001010101
101111101010111010111010101110111110111010101110101
101000001010001010001000100010001000100010101000101
101110111011101010111111111010111010101110101011101
100010100010001010100000001010100010101000100010001
111010111010111010101111101010101111101011111110111
100010001010101010100010001000100000001000001010101
101111101010101010111010111011111110111111101010101
101000100010100000101010001010000010000000101010101
101110111010111110101011101110111011111111101010101
100010000010000010101010001000101000000000001010101
101010111111111010101011101011101111111111111010101
101010001000100010001000100010001000001000000000101
101011101110101111101110111110101010111011111111101
101000100000101000001010101000101010000010000000001
101110101111101011111010101010111011111110101111101
101000101000001000000010100010100010000010101000001
101011111011111111111010111110101111101010101011111
101000001010000000001010100000100000101000101000001
101111101011111011101110101111111110111110101111101
101000100010000010100000100000000010000010101000001
101010111110111110111111101111111011111011101011111
100010000000100000000000101000400010001010001000001
111111111111101111111011101011111010101010111111101
100000100000001000100010001010001010100010001000101
101110101111111010101010111010111010111111101011101
101010100000100010001010001010000010100000001000001
101010111110101111111011101010111110101011111011111
100010100010100000100010001010100000101010100010001
111010101010111110111110111011101111111010101111101
100010001000000010000000001000000000000010000000001
111111111111111111131111111111111111111111111111111

L
