111111111111111111111111111111111111111111111111111
100000000010000000000000001000000010000000001000001
111111111011101111111111101110111010111110101111101
100000001000101000100000101000100010000010101000101
101111101110101010101011101011101111111010101010101
101000100000100010101000100010101000101010101010101
101010111111111110101110111110101010101010101010101
100010000000000000101000000000100010100010101010101
111111111111111111111010111111111110101110101010101
100000100000000000000010100000000010101000100010101
101110111111101111111011101111101110101011111110101
101000100000001000000010001000101000101000100000101
101011101011111111111110111110101011111010101111101
101010001010000000100000000000101000001010100000101
101010111110111110101111111111101111101110111110101
101000100000100010000000100010000010100010001000101
101111101111101111111111101010111010111010101011101
100000100010001000100000001000101000100010101000001
111110111011101010101111111111101110101111101111101
100000001000101010100010000000100000101000100000101
101111111110101010111010111011101111101010111110101
100010000010101010100010001010001000100010000000101
101010111010101010101111101110111110111111111111101
101010001000100010100000100000100000001000100000101
101011101111101110111110101111101111101011101011101
101000101000101010001010101000001000101010001000101
101110101110101010101010101011111110101010111110101
100010100010101010101010100010000000101010001010001
101110111010101010101010111110101111101011101011111
501000100010001010100010001000100000100010001000001
101011101110111010111011101111101110111010111111101
101010001000100010001000100000100010001010100010001
111010111011101011101110111110111111101010101010111
100010100000001010001010000010001000100010101010001
101010111111111010111011111011101010111010101010101
101010100010001010001000100010100010001010101010101
101110101010101111101010101110111111101110101011101
101000101004100000001010100000000000100010001000003
101011101111111111111110111011111111111011111111101
101000001000100000000000001010000000100010000010101
101111111110101111101111111010111110101011101010101
100000000010100010001000000010001010101000101000101
101111101010111010111011111111101010101110101011101
101000101010001010000010000010001000001010101010001
101110101010101011111110111110111111111010101010111
100010101000101000000010000010100000001010001010101
111010101111101111111011101010101111101010111110101
101000101000001000001000101010101000101000100010001
101110101111111011101110111010101010101111101011101
100000100000000000100000000010000010100000001000001
111111111111111111111111111111111111111111111111111

U
