111111111111111111111111111111111111111111111111111
100000001000100000000000100000000000000000000000001
111111101110101111101110101111111110111111111111101
100010001000100000100010101000000010000010001010001
101110111011111110111011101011101111111010101010111
300010001000000010101000000010001000001000101010001
101011101011111010101111111111111011101111101011101
101000101000100010001000001000000010000010001010001
101110101110101111101110101011111111111010111010111
100010100010100000000000101000100000101010100010101
111010111010111111111111101110101110101010101110101
100010000010001000001000000010101000100000100000101
101111111111111011101111111010101011101111111110101
101000000000100010100000100010001000100010000010001
101011101110101110111110101111111110111110111011101
101010101000100010000000100010000010001000001010001
101010101011111010111111111010111011101011111010111
101000101000000010001000100010001010001010000010001
101110101111111111101010101111111010101010111111101
101000100010000000101010101000001010101010100000001
101011111011101011101011101011101010111010111111111
101000001010001010001000100010000010000010100010001
101111111010101110111010101111111111101110101010101
104000001010101000100010001000000000101000101000101
111111101010111011101111111011111110101011101111101
100000100010000010001000100010100000101010001000101
101111111110111110111011101110101111101010111010101
100010000000100010100010001000100010101010100010101
101010111111101010101010111011111010101010101011101
101010000010001010001010100000001010001010101000101
101011111011111010111110111110101010111010111110101
101000001010000010100000100000101010100010000000101
101010111010111110101111101011111010101110111110101
101010100010000000101000001010000010101000100010101
101010101111111110101011111010111110101011101010101
101010100000000010101000101010101000100010001010101
111010111111111010101110101010101011111110111011101
100010100000100010101000100010100010000000100010001
101110101110101111101011111010101110111111101110101
101010101010001000001000001010101010001000100000101
101010101011111010111111101110101011101010111111111
101000100010001010000000101000100000100010100000005
101111111010101110111110101011111111111110101111101
101000001000100010101000100000100000100000100010001
101011101111111010101011111110101110101111111010111
100010100000001010101000001000101010101000001010001
101110111011111010101111101011101010101011101011101
101000001010000010001000001000001010100000100010001
101110101010111111111011111111111010111111111110101
100000101000000000000010000000000000000000000000101
111111111111111111111111111111111111111111111111111

R
