111111111111111111111111111111111111111111111111111
100010000000100000000000000000001000000000000000001
111011101110111111111010111111101011101111111111101
101000100010001000001010000000101000100010000000101
101110111011101011101110111110111110111011111010101
100010100010101000100010000010000010001000001010101
101110101110101110111011111111111011101111101011101
100010001000100010001000000000001000100010101010005
101011111011111010101111111111101110111010101010111
101010000000000010100010000000101000100010101010001
111010111111111110111010111011101011101110101011101
100010100000000000100010001000101010000000101000001
101110111110111111101111101110101010111111101011111
100010000010100000100010101010001000001000001000101
101011111010111110111010101011111111111011111110101
101000100010001000001010001000000000100010000000101
111011101111101010111010111011111110101110111111101
100010001000101010100010100010000010001000100000101
101110111010101010101110101110111011111011101110101
101000100010101010101000001000100000001000100010101
101011101110101010101111111010111111101110101010101
100010001010100010101000100010001000000010101010001
101110111010101111101010111111101111111110111011101
100000100010101000100010000010001000000000100010001
111111111010111010111110111010111011111111101111101
100000000010000010000010100010100010000010001000101
111010111111111111111011101110101110111010101010111
100010100000000000000010001000001010001000100010001
101110101111111111111110111011111011101111111111101
101000100010100010000000001010001000100010001000001
101011111010101010111111101010101110111010111011101
101000001010001000100010001010101000101010001010001
101111111010111111111010111010101010101011101010111
101000000010000000000010100000101010001000001010101
101011111111111011111010111111101011111110111010101
100010000000100010001010000010001000100000100010001
101110111011101110101111101010111110101111101111101
100010001000001000100000101010000010000000101000101
111011101111111011111110111011111011111111101011101
100010100000001010000000001010001000001000001000001
101110111111101011111111101010101111101011111011111
301000000000101000000000101010101000100010000010001
101111111011101111111110101010101011111110111110101
101000001000001000001000101000101000000010100000101
101011101110111110101011101111101110101110101111101
101010100010000000101010101000100010100000101010001
101010111011111111101010101010111010111111101010111
101010000010000010001010001010000010000010001010001
101010111110111011111010111011111111111010111011101
100010000000100400000010000010000000000000100000001
111111111111111111111111111111111111111111111111111

R
