111111111111111111111111111111111111111111111111111
101000001000000000000010000000000010000000000000001
101010101111111110101010111011111110111110111111101
101010100010000010101000100010000000000010000000101
101010111010111011101011111110111111111111111110101
101010100010001000101010000000100010000000001000105
101110101111101110101110111111101010111111101011101
101000100000101000101000101000101010100000101010101
101011111110101110101011101010101010101110101010101
101010000010100010001000101010001000101000100010101
101010101110111011111110101011111111101111111110101
100010101000100010000000101000001000101000000010101
111110101011101110111111101111101010101011101010101
100000101010100000101000000000101010100010101000101
101111101010101111101011101111101010111010101110101
100010101010100010100000100000101010001010100010101
101010101010111010101111111110101011101010111011101
301010001010001010001000100000101000101000001010001
101011111011101011101010101111101110101111111010111
101010001010001000101010001000100010100000001010001
101010101010111110101010111010101110111111101011101
101000100010100000101010100010100000001000101000101
101111111110101111101011101110111111111010101110101
101000001000101000001010001000000010000010001000101
101011101110101111111010111111111010111111111011101
101000100010000000000010000010001000100010000010001
101110111011111111111111111010101111101010111010111
100010001000000000001000001000100000001010001010001
111411101111111111101011101011111111111010101111101
101000001000000010001010101000000000101010100000101
101111111011111010111010101111111110101011101110101
100000101010100010000010001000100000001000100010101
101110101010101111111110111010111111111110111010101
101000001000100000000010001010001000000000100010001
101111101110111111111011101011101011111111101111111
101000100010100000001000001000100010001000100000001
101010101110101011111111111110111110101010111111101
100010101000101000000010000010100010100010000000101
101110111011101111101011101010101011111111111110101
100010000010101000101000001010001010000000000010101
111011111110101010101111111011111010111111111010101
101010000000001010100010001000001000100000000010001
101011101111101011111010111111101011101111111110111
101000101000101000001010000010001010001000100000101
101110111010101110111011111010111110111010101111101
100000100010100000100010000010001000101010001000001
101111101110111011101110111011101011101011111110101
101000001000100010001010001000101010001000100000101
101110111011111110111010101111101010111110111011101
100000100000000000100000100000000010000000000010001
111111111111111111111111111111111111111111111111111

D
