111111111111111111111111111111111111111111111111111
100000100000001000100000000000000010000004000000101
111110101111101010101110111111111011111110111110101
101000101000001010100010100000101000000000100010103
101011101011111010111010111010101111111111101110101
101000001010000010100010001010000000100000001000101
101111111011101011101111101011111111101110111011101
100000001000101010001000101000001000100010001000001
101110111110111010111010101011101010111011101111101
101000100000100010100010101010001010000010100000101
111010101111101110101011101010111011111110101111101
100010101000100000101000101010100010000000101000001
101110101010101111111010101110101110111110101011111
101000101010101000001010100010101000101000101000001
101111101011101011101110111010101110101011101111101
101000001000000010000010001010000000101000101000101
101011111111111111111010101011111111101110101010101
100010000000000000101000101000001000001000100010001
101111101111111110101110111111101011101011111111111
100010001000000010100000100000001010101000001000001
111010111010111110111011101111111010101111101010101
100010001010000010001010001010000010000010001010101
101110101011111011101010111010101111111010111010101
501000101000100010001010001000101000001010001010101
101110101111101110111111101111101011101011101110101
100010101000100010100000100010001000101010001000101
111010101010111010101110111010111110101110111011101
100010100010001000001010001010000000100010100010101
101110111111101111111011101011111111111010101110101
101000001000100010000010001010000000001010001000101
101110111010111010111110111010111111101011111011101
100010100010000010000000100010000000100010000010001
111011101111111110111111111010111110111010111010111
100010001010000000100000000010000010001010101000101
101110111010111111101110111111101111101010101111101
100000100010101000000010100000101000001010001000001
111111101010101011111110101111101011111111101111101
100000101000100010000010101000001000000000101000101
101110101111111010111010101011111111111110101010101
100010101000001010101010101000100000100000100010101
111010101010101110101010101110101011101111111110101
100010101010100000101000100010101000100000000010101
101111101010111111101111101010111110111111101110101
100010001010100000001010001010000010000000100000101
101010111110101111101010101111111011101110111111101
101010000000100010000010101000001000101010001000001
101011111111111011111110101010101110101011101011101
101010000000000010000000101010100010001000101010001
101010111111101110111111101010111111111011101110101
101000000000100000000000100010000000000000000000101
111111111111111111111111111111111111111111111111111

D
