111111111111111111111111111111111111111111111111111
100010000000100000000010000010100000000000101000001
111010101110101111101110101010101111101110101011101
101010101000100000100000101010101000100010001000101
101010101111111110111111101010101110111011111011101
101010101000001000100000101000101000100010000010001
101011101011101011101110101111101011101010111110101
101010001000101000001000100000001000101010001000101
101010111011101111111011111111111110101111101011111
101010100010001000101010000010000000100000001000001
101010101110101010101011111010101110111111111111101
100010000010100010001000001000101000100000100010001
101111101110111110111111101011101011101110101110101
100000101000100010100000001010001010000010001000101
111110111011111010101111111110111011111011111011101
100010001000001010100000100010101000100010001010001
111011101111101010111110101010101110101110101010111
100000101000001000000010001000100000100000101010001
101111101011111110111111111111101111111111101011101
101000001010000010100000000010001000000000101010105
101011111010111010101011111110111011101110101010101
100010000000101010101000000000100000101010001010001
101111111011101011101111111111111110101011101011111
100000001010001000001000000000000010101000001000001
111111101010111110111011101111111011101011111111101
100000001010100010100010001010000000001010000000001
101111111010101010111110111010111111111110111111101
101000100000101010000000100010101000001000100000101
101110101111101011111111101010101011101011101011101
100010001000001010000010001000001010101010001000001
111011101011111010111011111111111010101010111111101
101000101010001000101040000000000010001010100000101
101110101010101111101111111111111110111011101110101
100010101010100010000000000000001000101000101010101
111010111011111010101111101111111011101010101010111
100010001000001010100010101000000010000010001010001
101111101111101010111010101011111110111111111011101
101000001000001000100010101000000010100000100000101
101011111011111111101110101111111010101110101111101
101000100000100000101000100000100010001000100010001
101110111110101110101110111011101111111110111010111
100010001000101010100010100010001000000010100010001
101011101011101010111010101110111011111010101011101
101000001000101000000010100010100010000010001010001
101111111110101111111110111010111010111111111110101
101000001000100010000000000010000010100000100000101
101011101011101011111111101111111110111010101111101
301010001000101000001000100010000000100010101010001
101010111110101111101010111110111111101110101010111
100010000000100000100010000000000000001000001000001
111111111111111111111111111111111111111111111111111

R
