111111111111111111111111111111111111111111111111111
101010000000000010000000000010000000000000000000001
101010111110111011111011111011111111111111111011101
101000100010001000001000100010000010000000100010101
101111101011101111101110101110111010111110101110101
100010001000001000100000100000101010100000001000001
111010111111111010111111111111101010101111111111111
101010001000100010100000000000001000101000100000001
101010101010101111101111111011101011111010101111101
301010100010100000000000001010001010000010001000101
101010111110111111111011111011111010111111111110101
101010000010000000001010001000000010100000000010101
101011111011111111101110101111101110101111111010101
100010000000101000001000100000100010001000000000101
101111111110101011111011111110111111111011111111101
100000001010001000001010000010001000000010000000101
111111101010111111101010111010101011111110111110101
101000101000100000100010001010100000100000100010001
101010101111101110101111101011111111101111101011111
100010101000001000100000101000001000001000001000001
101110101010111110111111101111101011111011111111101
100010001010100010100000100010001010000000000000101
111011111011101010101110111010111010111111111110101
101010001000001010001000100010001010000010001000101
101010111011111011111110101111101010111110101110101
100010000000001010000010100000101000100000100010101
101111111111101010111010101110101111101111111011101
100000001000101000001010100010100000101000001000101
111111101010111111101010111110111110101011101110101
100000101010000010001010000000100010001000101000101
111110101011111011111011111111111011111010111011101
100000101010001010000010000000001000100010100010001
101110101010111010111110111011101010111010101110101
101010101010100010100010101010001010001010101010101
101010101010101110101010101010111011101010101010101
101000101010101000101010101010001010101010101010105
101111101010101011101110101011101010101110101010101
100000140010101010000000001000100010000000101010101
101110111110101011111111111110111110111111101010101
100010000000100010000000000010100000100000001000101
111111111110111110111111111010111111101111111011101
100010001000100000100000001010001000101000100010101
101010101010111010111110111011101010101010101110101
101000100010001010100010000000001010001010001000101
101111111111101110101011101111101011111011111011101
101000000000000000101000101000101010000000001010001
101111111111111111101110111010111011111111101010111
100000001000000010001010100010001000000010000010001
101111101011111010111010101111101111111011111111101
100000100000001000000010000000100000000000000000001
111111111111111111111111111111111111111111111111111

R
