111111111111111111111111111111111111111111111111111
100000100000001010000000100010001000000000001000001
111110101111101010111010111010101011111110101110101
101000101000001010101010000010101010000000100010101
101011101011111010101011111110101010111111111010111
100010001010001000101000000000100010000000100010001
101110111010111011101111111111111110111110101111101
101000100010001010000010000000100010100000100000001
101110101111101010111011111010101011101110111111101
100000101000101000101000100010101000100010100000105
111111101010101111101110101110101110111011101110101
100010100010100000000000101000101010001000000010101
101010111110101111111111101011101011101111111110111
101000100010101000001000001010001010000000100010001
101110111010101111101010111110111010111110101011101
100010000010101000100010100010100010100010101000001
101011111110101010111110101010101110101010101111101
101000000000100010001000101000100000101010001000101
101111111111111111101011101111101111101011111010111
101000000010000000101000100010001000001000000010001
101111101110101011101110111011111011111111111111101
100000100000101010000000001010001010000000000000101
111110111111101110111111111010101011111011111110101
100010001000100000100010001000100000000010000000101
101111101010111111101010101111111111111111111111101
301000001010000000001000101000000000000000000000101
101011111011111111111111101011111111111111111110101
100010000010000000000010001000001000001000000010001
101111101110101111101110111011101011101111111011101
100010001000101000001000100000100000100000001010001
111010111011101111101011111111101111111111101010111
100010001000100000101010000000101000100000001010001
101110101110111110101010111110111010101111111011101
101000101010100000101000100010000010100010000000001
101111101010101111111111101011111110111010111111111
100010001000101000000010001010000010041010100000001
111010111011101011111010111010111011101010111011101
101000101010001010001000100010101000100010100010101
101111101010111010111111101110101011111110101110101
100000100010001010000000100010001000000010100010001
101110101111101011111110111011101111101110111010111
101000101000101000100000100000100000100000100010001
111010101110101110101110101111111110111111101111101
100010100000100010100010101000000010100000000010101
101011111110111010111011101011111010111011111010101
101010000000101010001010001000101010001010000010001
101110111111101011101010111110101011101010111110111
101000100010001010001010000010001000101010100010101
101011101011101010111011111011101011101110101110101
100000001000001000000000001000001000000000100000001
111111111111111111111111111111111111111111111111111

D
