111111111111111111111111111111111111111113111111111
101000100000001000100010000000000000000010000010001
101010101111101010101010111111101111111011101011101
101010001000100010001000101000001000100000101000101
101110111010111111111111101011111010111110101110101
100010000010100000000000001000001010000010001010001
111011111110111111111111101111141011111011111011101
100010000010001000000000001000100010001010100000101
101110101011101011111111101110111110111010101110101
101000101000100010000000000000100000100010000010101
101110101111111110111111111110111011101111111010101
100010100000000000001000001010100010001000001010001
111010111111111111111011101010101010111011101111111
101010000000100000100010001000001010001010101000001
101011111110101110101110111111111111101010101011101
100010001000101000100010100000000000100000100010001
101110101011101011111010101111111110111111111110111
101000100010001000001010001000001010100010000010001
101111101111101011111011111011101010101010111011101
101000100000001010000010000010100010101000101000101
101010111011111110111111111010111010101111101110101
100010100010000010100000100010000010101000000010101
111110111110111010101110101111101110101011101110101
100010000010001000101010101000100010001000100010001
101011111011101111101010101010111111111011111011101
101000001010001000001000001010000000000010000000101
111010111010111010111011111011111111111110101111101
100010100010100010101000100010000010001000101000001
101111101110101110101110101111101010111011111011111
100000001000101000100010100000101010001000001010001
101111111011111011101010111110101011101111101011101
101000001000001000101010100010101010001000100010001
101110101110101110101010111010101010101110111110111
100000100010100010101010000010101000100000100010001
111111111011101010101111111010101111111110101011101
100000001000101010100000001010101000100000101000001
101110101110111010111011101010101010101111101111101
101010100010100010001000100010001010001000001000101
101010101110101110101110111111111011111111101010101
100010101000100010100010100010001000100000001010101
111010111011101011101010101011101110101111111011101
100010001000101000101010001000001000100010001000001
111110101110111110111010111111111011111011101011111
100010100010100000100010100000001000001010001010001
101011111010101111101111101111101111101010111010111
101010000010001000001000101000100000100010000010001
101010111111111011101010101010111110111110111111101
101000100000100010100010101010001010000010100000001
101111101011101110111110101011101011101110111011101
100000001000000000000010000010000000100000000010001
111111111111111111111115111111111111111111111111111

D
