111111111111111111111111111111111111111111111111111
100000100000001000001000000000001010000000000010001
111110111011101110111011111110101010111110111110101
101000100010001000100010001000101010100010000000101
101011101110111011101110101011101010111011111111101
101010000010100010001000101000100010001000001000101
101011111010101010111111101110111111101011101011101
100010000010101010000000100010001000001000101010001
101110111110101011111110101111101011111110101010111
100000100000101000000010001000001000000000100010001
111111101111101111111011101011111111111111111011101
100000101000001000001010001000001000100010000010001
101011101010101011101110111111101010101010111110101
101010001010101010100000100000101010101000101000101
101110111010111010111111101110101010101111101011111
100010001010000000100010001000100010101000001000001
101011101111111110111010101110111110101111101111101
301010001000000010001000100010000010101000000000101
111010111011111011101111111011101110101011111111101
100010000010100010100000001010001000101000001000001
101111111110101110111111101011111010101111101011111
101000100000001000001000100010000010100000001010001
101010101111111011111010111010111110111111101010101
101010001000000010000010000010101000100000101000101
101011111011111110111111111110101011101011101111101
101010000000000000100000100010101010001010001000101
101011101111111111101110111010101010111010111010101
101000101000100000001010001010100010001000001010001
101110101010101111111011101010111111101111111011111
101000101010001000001000000010001000001000001000001
101011101011101011101111111011101011111011101011101
100010000010001010001000001010001000001010001000101
101110111111111010111011101110111111101010111110101
100010100010000010100010000010000000001010001000101
111011101010111110101111111011111111111011101011101
101000401000101000100000001010000000000010001010001
101111111111101011111111101010111111111110111010101
101000100000001000000000101000100000000010100010101
101010101110101111111110101111101011111110111110101
100010000010101000000010001010001010000010000000101
101111111110101110111011111010101110111011111111101
101000000000101000100000001000100000101000000000101
101011111111101011101111111011111111101111111110101
101000100000001010000010000010000000100000000010001
101110111111101011111110111110111110111011111011111
101010001000100010001000100000100000100010001010005
101011101010111110101011101111101111101110111010101
101000100010100000100010001000100000101000100010101
101010111110101111111110111011111110101010101110101
100010000010000000000000100000000000001010000000101
111111111111111111111111111111111111111111111111111

R
