111111111111111111111111111111111111111111111111111
101010000000000010000000100000000010000000001000001
101010111011111110101111101111111010111110101111101
101000100010000000100000001010000010100010100000101
101111101110111111111111111010101110101010111110101
101000100000100010001000000010101000101000100000101
101010101111101110101011111010101011101111101111101
101010101000100000101010000010101010001000100000001
101010101010101111101010111010101010111011111011111
101010100010100000100010100010101010100010000010001
101010111110111111111010101110111010101010111110101
101010100010100000001010100010001010101000001000101
101010111010101111101010111011101010111011111011101
500010001010001010001010100010001010001010001000101
111111101011111010111010111010111011101010101110101
100000001000000010100010001010100010101010100000101
101111111011101110101111101110101110101110111111101
101000000000101000100010001000101000101000101000001
101011111010101011111110101011101010101011101011101
101010001010101010000000101010000010100000101000101
101110101010101010111111101010111111111110101110101
100000101010101000100000101000100000001000000010101
111111101010111111101010101111101111101111111010111
100000101010000010001010100010001000101000001010001
101110101110111010111010111010111011101011101011101
101000100010001000101010001010100000000010101000101
101010111011101111101010111010111111111110101110101
101010001010100010001010100010000000100000101000101
111011111010111010111011101111111110111110101111101
100010000010000010001000100010001000100000100000101
101110111110111111101110101110101011101011111110101
100000101000100000000010001000101010001010000000101
101111101011101111111011111011101010111010111111101
100010000010001000000000100010001010001010100000101
111010111111101011111111101110111010101110101110101
101010000000001000001000001000100010100000100010001
101011111111111011111011111011101110111111111011101
100010000000000010000010001000101000001000000010003
101110111111111110111111101110101111101011111111101
101000000000100010001000000010100010101000001000101
101111101111101011101010111110111010101111101010101
100000101000101010001010000000100010000000100010101
111110111010101010111011111111101111111110111110101
100010000010001010001000100000001000001000100010101
101011111111111011101110101110111011101011101010111
101000001000001000101010100010000010001000001010001
101110111011101110101010111111111010111111111010101
100010100010001000101010100010001010000010001010101
101011101110111011101010101010101111111010101011101
101000000010000000001000001000100000000010100400001
111111111111111111111111111111111111111111111111111

U
