111111111111111111111111111111111111111111111111111
101000000000001000000000000010000000001000000000001
101011111011101011111111111011111110101111111110111
101000001000101000100000001010000000100000000010001
101111101110101110111110111010111111111111111011101
101010001000100000100010001010001000000000001010001
101010111011111111101010101011101011111011111010111
101000001010000000001010101000001010000010000010001
101111101011111010111011101111111110111010111111101
100010001010001010100000000010100000101010001000101
111010111010101010111111111010101011101011101010101
100010001000101010000010100010101010001000101010101
101111111011101011111010101110101010101011101010101
101000001010001000100010101000001010100010001010001
101110101110111111101110101011111011101110111011111
100010100010100010001000101000001000101010100010001
111010111010101010111010101110111110101010101010101
101010101010101010001010000010100000100010101010105
101010101010101010101011111011101011111110101110101
101010101010101010101010001000001010000000101000101
101010101010101011101110101111111010111111101011101
301000101000101000001000100000100010000000100010001
101111101111101110111011111110111111111110101110101
100000000010000010100010001010000000000010101000101
101110111110111010101110101011111011111010111011101
100010000000101010101000101000001000001010100010101
101111111110101011101011101011111011101010101110101
101000100010001000001010001010001000101010100010101
101010101011111110111010111010101111101010111010101
101010001000100010000010000010100000141010001010001
101011111110101011111110111110111110101111101011111
101010100010101000000010100010001000001000001000001
111010101010101111111011101011101111101011111011101
100010001010001000000000001000101000101010100000101
101111111011111011111111111110101010111010101111101
100000100000001000100010001000101010000010101000101
111110101111111110101110101011101011111110101010101
100000101000000010101000101000001000100010001010001
101111101011111010101011101111101110101011111011101
101000000010001000001000100000101000101000100010001
101111101111101111111110111110101011101110101110111
101000100000100010001000100010101000001010001010101
101010111110111010101011111010111111111011111010101
100010000010001010100010001010000010000010001010101
101111111011101010111110101011111010101010101010101
101000001000100010100000101000001010101010100010101
101010111110111110111110101111101010101010111010101
101010000010000010001000101000101010101000100010101
101111111011111011101011101010101010101111111110101
100000000000001000000010000010001000100000000000001
111111111111111111111111111111111111111111111111111

D
