111111111111111111111111111111111111111111111111111
100010000010001000001000001000001000000000001000001
111010101010101010111010101011101010101111101011101
100010101010101010100010101010100010101000101000101
101111101010111010101110111010111110111010101111101
300000101000100010000010001000000010100010101000101
111110101111101111111110101011111110101110101010101
100010100000000010000010100010000000100010100010001
101010111111111010111011111110111111111010111111101
101010000000100010101010000000100000000010000000101
101011111110111110101010111111101111111111111110101
101000001000100000101000100000001000100000001000101
101110111011101111101110101111111010101111101011111
101000100010100000100000100000100010001000101000001
101011141110101110101111111110101111111110101111101
101000001010001010101000001000100000000010101000105
101111111010111010111011101011111111111010101010101
101000000010100010001010100010000000000010000010101
101011111010101011101010111110111111111110111111101
101000100010101000101010001000001000001000101000001
101110101110101111101010101111101011111011101011101
101000100000101000001000100000101000000010001000101
101111111011101011111111111110101011111110111110111
100010001010001000100000000010001000001000100010001
111010101010111110101011111110111111101110101011101
101010101000100010101000001000100010100010001000101
101010101110101010101111101011101010111010111011101
101000101000101000100000100010001010000010001010001
101111101111101111111110111110111010111110111010111
100000100000101000001000100010100010001000100010001
101111111110101010101011111010111011101111101111101
101000000010101010101000100010001000101000101000101
101011101110101010101110101011101110101010101010101
101000100010100010100010001010001000101010001010101
101110111010101110111111111010111110101010111010101
101000101000101010000000000010000010100010100010101
101011101111101011111111111111111010111110101110101
100010000000100000000000100000001010001000101010001
101110111010111110111110101111101011101011101011101
100010100010001000100010100000101010101000101000001
111010101111111011101011101110101010101111101111101
101010100000000010001000100010100010001000101000101
101011101111111110111110111110111110111010101010111
101000101000000010001000001000100000000010100010001
101110101111101011101111101011111111111110111110101
100000100010001000100000101000000010000010000010101
101111111010111111111110101111111010111011111011101
101000000000100010000010100000001010100010001010001
101111111111101010111010111111101010111110101010101
100000000000001000100000100000000010000000100000101
111111111111111111111111111111111111111111111111111

D
