111111111111111111111111111111111111111111111111111
101000000000000000001000000000000000100000000010001
101110111111111011101111101111111110101110111011101
100010100010000010100000101000001000101010100000001
111011101010111110111110101110111011101010111111101
101000001000100010001000100010001010001010000010001
101111111111101110101011111010101010111011111011111
100000000000001000100010000010100010000010100010001
111011111111101011111111101110111111111010101010101
100010001000101000001000001000000000100010101010101
101110101010111111101011101111111110101110101110101
100000100010001000101010001000101000101000100000101
101111111111101010101011111010101011101010111111101
101000000000100010001000000010101000100010100000101
101011101111111111111011111110101110111111101110101
101000100000000000100000001000100010000000100010001
101110111110111110101111111011101111111110111011101
100010100000100010100010000010100010000000100010001
111011101111101110111110111110101010111111101110111
101010001000100010100000100000101000100000100010101
101010111011101010101111101111101111101011101010101
100010100000001010001000001000101000001010001010001
101110101111101011111110101010101110101110111011101
100000101000101000000000101010001000101000100010101
111111111010111110111111111011111011101011101110101
100000000010100000100000000010001010001000100010001
101111101110101110101111111110101011111110111010111
100000100010101000100000000000101000100000001010101
111110111010101011111111111111101010101111111010101
100010100010001010000000000010001010101000000010005
101110101111111110101111111110111010101011111111101
100000100000000010100000000010100010001000100000101
101111111111111010111111111010111111111110111011101
100000000010001000100010000010000010000010001000001
111111111110101110101010111111111010111010101110111
100000000000100010001010001000000010101010100010101
101111111111111011111111101011111110101011111010101
101000100010001000000000001000000000100010000010101
101010101010101111101111101111111111101110111110101
100010101010100000001000100010001000101000101000101
101110101010111111111010111110101010101011101011101
300010001010000010001010100010101010101000100010001
111011111011111110101010101010101010101110101111101
101010001000000010101010101000100010001000100000101
101010101111111010101010101111111111111011111110101
100010100000001000100010001000000000041000000010001
101110111111101111111111111011111111101011111011101
100010001000100000000000001010100010001010000010001
111011111010111011111111101010101010111110111110111
100000000010000010000000000010001000000000100000001
111111111111111111111111111111111111111111111111111

D
