111111111111111111111115111111111111111111111111111
100010000010000000100000001000100000000000000010001
111010101110111110101011101011101011111111111010101
101010100000100010001000101000101000001000001010101
101010111110101111111110101010101111101111101010101
101010100010001000000000101010001000101000001010101
101011101011111011111111101111101010101010111010101
101000001000100010000000100000101010001010100010101
101111111110101111101110111110111011111011101110111
101000001000100000100010000010001010001000101000001
101010111011111110111011101111101010111010101111101
100010001010000000101000101000001010000010101000101
101111101010111111101110101011111010111110101010101
100010001010100010000010101010000010100010100010001
111010111010101011111010101011111010101010111111101
100010100010101000001000100010000010001010000010001
111110101110101111101011111110111011111010111110111
100000101010000010001000000010100010001010000010001
101110101010111110111111111010101110101111111011101
100010101000001000100010000010100010100000001000101
101011101011111011101110111110111110111111101010101
101000001000100010100000100000100000100010001010001
101111111110101110101111111110101111101110111011111
101000001000101000101000000010001000100010001010001
101010111011101010101110111010111011101011101110101
101010100010001010101000100010100000001000100000101
101010101110111010101011101110111111111110111110101
101010000010001010001010101000001000100000100010101
101111101111101011111010101111101010101011101011101
100000101000001010000010000000100010001010001000001
111110111011111010101111111110111111111010111111101
100010100010001010100000000010000000001010001000001
101010101111101011101111101011111111101111101011111
101010001000001000101000101000100000101000001010001
101111111010111110111010101110101110101011111010101
100010000010100010000010100010101010001010001010101
101010101111101011111110111110101011111010111010101
101010100000001000001000100000100000001010001010101
101010111111111111101011101110111111101010101011101
141000100000000000100010001000100010000010100000001
101111111111101010111110101111101011111011111111101
101000000000101010000010100000001000001010000010001
101011111110101011111011111011111111101110111011101
101000001000101000100010001000100000100000001000101
101011101011111110101110101110101011111111101110111
101010101010000010100010101000001010000010000010001
101010101011101010111010101011111110111011111111101
101000101000001000100010101010000010101000000000001
101111101111111111101110101110111010101111111111101
100000001000000000000000100000100000100000000000001
111113111111111111111111111111111111111111111111111

U
