111111111111111111111111111111111111111111111111111
301000000000000010001000100010000000000000000000001
101111111111101110101010101010111110111110111111111
101000000000100010100010001000100010001000100010001
101011111114101010111111111110101011111010101010101
101000100010101000001010000010101000100010101000101
101010101110111111101010111011101110101111101111101
101010100000000010000010100000100010101000001000101
101010111111111011111110111110111010101011111110101
101010100010001000000010001010000010101010000000101
101010101010111111111011101011111110101011111011101
101010001010000000001000001000000010101010000010001
101110111010111111101111111111101110101010111010101
100010001010001000100010001000001000101010100010101
111010111011111010101010101011111011101010101110101
101010100010000010101000100010000010000000100010101
101011101110111110101011111010111111111111111110101
101000001000100010001010001010001000001000000010101
101111111011101011111010101111101110101011111010111
101000000010001000001010100000001000100010001010001
101011111010111011111010111111111011111110101011101
100010000010001010000010001000100000100000100000001
101110111111101110111111101010101110111111111111111
100010100000100000100010001010001010000000000000001
111110101110111111101010111011111011111111111110101
100000101010000000001000101000100000001000000010101
101111101011111111111111101110111111101011111011101
101000100000000010001000000010000000101010000010001
101010111111111011101011101011111110101011111010101
100010001000001000101010101010000010101000001010101
101110101011101110101010101010111010101111101010101
100010101000100000100010101010101010000010001000101
111010111110111111101110101010101010111110111111101
101010001000100000000010101010001000100010000010001
101011101011111111111010101111101111101010111010111
100010001000100000100010100000001000001010100010001
101110101110101110111010111111111011111011101111101
100010100010100010001000100000001000100010001000101
111010101110101011101110101111101110101110111110101
100010101000101000101010101000100010100000100010101
101110101011111110101010101011111010111111101010101
101000101010000000101010101000000010001000001010101
101011111010111111101010101111111011101011111010101
101000000010100010001000001000001000100010001010001
101111111110101010111011111011101110111110101010111
101000000000101010100010000010100010100000100010005
101111111011101010111110111110111011101111111111101
101000000010001010001000100000001010001000000000001
101011111110101111101011101110111010111011111111111
100010000000100000000010000010000000100000000000001
111111111111111111111111111111111111111111111111111

D
