111113111111111111111111111111111111111111111111111
101000000000000010000000001000100000100010000000001
101110101111111110111011101010111010101010111111101
100010100000000010100010001010000010001010001000001
111010111111101010101110111011111111111011111011101
101010001000101000101010000010001004001000000010101
101010111010111011101011111110111010111111111110101
100010100010001010001000101000000010001000000000101
101110101111101010111010101011111111101010111111101
100010100010001010001010001000100000100010000000001
111010111011101111101011111110101111111111111111111
101010001000100000001000000010100000000000000000001
101010111110111111111011101110101111111110111111101
101010100000101000001010001000101000100000101000001
101011101111101010111010101011101010101111101011111
101000001010001010001010101010000010100000101000001
101111111010101011101010111011111110111110101111101
100000100000100010100010001010000010100000100000101
111010101111111110111111101010111010101111101111101
100010100010001000100000001010001010101000101000101
101111111010101011101111111011101011101010101010101
100000001010101010001000001000101000001010101010001
111111101010101010111011101110101111111010101011111
100000001010100010000010100010100010000010101000101
101011111010111011111110111010101010101110101110101
101010000010100000000000100010101010100010000010101
101010111110111111111011101010111010111011101110101
101010100000100000001010001010000010100010001000101
101110101110101111101110111011111110101111111011101
100000101010100010001000101010000010100000001000001
101111101010101110101011101010111010111111101111101
101000001010101000101000101010001010101000100000101
101110111010101011101110101011101010101010101111101
100010100000101010000010100000101010001010001000101
111010111111101011111110111110111011101011101010101
100010000000101000000010100010000010101000101010101
101110111110101111111010101011111010101110111010101
100010000010000010000010001000001000100010100010001
111011101111111110101111101111101111111010101111111
101000101000001000101000100000101000000010001000001
101110101011101010111010111110101011111111111111101
100000101010100010100010100010101000001000000000001
101111111010111110101110101010101111101011111011101
100010001010000000101010101000100010001000101010001
111010101010111111101010111111101010111110101011111
101000100010100010101000000000001010000010001000001
101111111110101010101111111111111011111011101111101
100000000010001010100000001000001000100010001000001
101111111111111010111111101011101111101111111011101
100000000000000000000000100000100000000000000010001
111111111115111111111111111111111111111111111111111

L
