111111111111111111111111111111111111111111111511111
100000001000001000000000000010100000000010000000001
111111101110101011111111111010101111101010101111101
100000100000101000100010000010101010001010100000101
101110111111101010101010111110101010111110111110111
101010000010001010101010101000100010001000000010001
101010111110111110101110101010111011101011111011101
100010100000100000100010101010000010100010001010001
111010101111101111111010101011111110111110101110101
100010100000001000000010100000000000000010101000101
101110111111111011111110101111111111111110101011101
100010100000000000100010101000100000000010101010001
111110101111111110101010101010101111111010101011101
100000100010001000101000101010100000100000101000101
101111111011101010101111101010101110111111101110101
100000001000101010100000101010100010001000100000101
101111101110101011111110111010111111101010111111101
100010000010001010000010000010100010001010100000101
111110111111101010101011111110101010111010101010101
100010000000101010101010000010001010100010101010101
101011111110101010101110101111111010111011101011101
101000000010001000100010100000001010100010001000101
101111111011111011111010111111101010101110111110101
100010000010001000100010001000100010101000100010001
101010111110101111101011101010111110101011111011111
101010100000100000001010101010000000101010001000001
101010101111111111111010101111101111101010101010111
101010001000000010000010100000100010000010101010001
111011111011111010111110111110111010111110101011101
100010000010001010000010000010001010000010101000101
101110111110101011111011101011101011111010101111101
100000000000101010001000101000100010001010100000001
111111111111101011101110111010111110101010111111101
100000001000101010000010001010100000101000100000101
101111101110101010111011101010111011111111101110101
100010101000101010001010000010000010000000000010101
111010101011101011101010111111111010111111111011101
100010001000001000101010100000001010000000101010001
101111101011111110101110101111101111111110101010111
100000101010000010100000101000100000100010101010001
101110101110111010111011101010111010111010101011101
101000100000101010001000101010100010000010101010001
101011101111101011101110101010101011111110101010111
101000101000100000101000101010101010000000101000101
101110111010111110101011101011101110111111101111101
100010000010000010101000100010001000100000000000001
111011111111111010101111101110101011111111111011101
101010001000001010001000101000101000001000001010001
101010101110101011111010101011111111101011101010111
100000100000101000000014001000000000000010000010001
111111111111111113111111111111111111111111111111111

R
