111111111111111111111111131111111111111111111111111
101010000000100000000000000000100000000000100010001
101010111010101111101111111110101111101110101011101
101000100010100010001004001000101000100010001000101
101111101111101110111011101111101010111011111110101
100000100010001000100000101000001010001000100010101
111110101010111011101111101011111011101110101010101
100010101000001000101000101010001010000010001010001
101010111111101110101010101011101010111011111011101
101010000010100010001010001000100010001000100010101
111011111010111011111011111110111011101110101110101
100000001010000010001000000010001000101000100010001
101111111011111010111111101111101011101111111011101
101000001000001010000000100000001010001000001000101
101011101111101011111110111111111110101011101010101
101000100010001000000000000000000000101010101010101
101110111010111111111110111111101111111010101110101
100010101000100000001000100010001000000010101000101
111010101111101011101011101011111011111110101011101
100010000010001010001010001000000010100000000010001
101111111011101011101110111111111110101111111111111
100000101000101000100000100010001000000010000000001
101010101110111010111111101010101011111110111111101
101010000010001010000010001000101010000000100000101
101011111111101111111010111111101110111111101110101
101000100000100010001000000010100010100000101010001
101110101011111010101111111010111010101011101011101
100010001000001010100000001000001000001010001000001
111011111111101010111111101111101111111010111111101
101010001000100010000010101000000010001010001000101
101010111010111111111010101011111110101111101010101
100010100010000000000010001010000000101000100010101
101110101110111111111110111110111111101010111110101
100010001000100010000010100000100000001010000000101
111010111011111010111010101111111110111010111111101
100010001000001000101000101000000010000010100010001
101110111111101011101111101011111011111011101011101
101000100000001000100010000000001000001010001000101
101011101111111110101110111111111011101110111110101
101010001010000000101000100010001000100000001000101
101110111010111111101011101010101110111111111011101
101000100000101000001010001010101010000010000010001
101011101111101011101010111010101011101110111110111
100010101000100000101000100010101000001000100010101
111110101110101111101111101110101011111011101110101
100000100010001000100000100010101000100010000010101
101111111010111010111110101110101110101111111010101
101000100010100010000010001000101000100000001000101
101010101111101111111011111011101111111111101011101
100010000000001000000000000010000000000000001000001
111111111111111111111111111511111111111111111111111

R
