111111111111131111111111111111111111111111111111111
100000100000000010100000001000101000000000100000001
111110111111101010101011101010101011111110101111101
100000100010001000101000100010001010000010001000001
101111101010111110101110111111111010111011111011101
101000001000100000101010000010000010001000100010101
101011101111101111101011111010111111101110101110101
101000100010001000101000001000001000100010001010001
101110111010111010101011111111101010101011111010111
101000100010100010001010000000101010101000101000101
101011101110101111111010111110111010111110101011101
101000100010100010000010000010001010000000100010001
101110111011111010141011111011101011111111101111101
100010001000100010101010001010101010001000001000001
111011101110101111101010111010101010111011111011101
101010000010100000001010001010101010001010000010001
101011111010111111111011101010101010101011101110111
101000100010100000000000001010100010101000101010101
101110111110101111111111111010111111101110101010101
100010000010001000001000000010000000001000101000101
101111111011111011101011111111101111111011101011101
100000001010000010001000100000100010001000001000101
101110101010111110111110101110101010101111111110101
101010101010100010100010100010101010100000000010001
101010111010101110101010101010111010111111101011101
100010100010100010001000101010001010001000101010001
111010101110101011111111111011101011101110101010111
101010100000101000100000000010100000101000101010101
101010111111101011101110111110111110101010101110101
101010000000101000001010001000000000100010100010101
101010111111101111111011101011111111111110111010101
100010000000001000001010001000000010000010100010001
101111111111111011101010111111111010111010101111101
101000000010000010001010000000001010001000100010001
101011101011101110111011111111101111101111111010111
101000101010001010100010001000100000101000001010001
101111101010111010101011101010111011101011101011101
101000001000100000101000001010001010001010000000101
101011111111101111101011111011101010111011101111101
101000100000100000001010000010100010001000101000101
101110101110111111101110111110111011101110111010101
100000100010000010001000100000001010001010100010101
111111111110111010111011111111101010111010101110101
100000000010001010001000000000100010000010001010001
101111101011101111101111111110111111111011111011111
101000101000101000101000000010000000100010000000101
101010101110101010101011111011111011101110111110101
100010101000001010001010001000001000100010000010101
111110101111111011111110101110101110111011111010101
100000100000000000000000100000100010000000000010001
111111111111111111111111111115111111111111111111111

D
