111111111511111111111111111111111111111111111111111
101000100000000000001000000000000010000000001000001
101010111011101111111011101111111110111110111011101
100010001000100000000000101000000000100010000000101
111111101110111111111111101011111111111011111111101
100010100010000010100000101010000010001000100010001
101010111011111010101110101011101010101010101010101
101000001000001000100010100000001000101010101000101
101111111111101011111010111111111111101011101111101
100000000000101010000010000000000010001000100010001
101111101111101110111111111111111010111110111010111
100000100000100000100000000000100010000010001010001
101111101110111111101110111011101111111011101011101
101000101000100000001010100010001000000000001010001
101010111010101111111010101110111110111111111010111
101010000010101000001010100010000010100000001010001
101010111111101011101010111111111011101111101011101
101010100000001000100010000000001000001000100010001
101011101111111010111011111110111111111011111110111
101000100010001010101000001010000000100000000010001
101110111010101110101111101011111110101110111111101
101000001000101000100000101010000010001000100000001
101011101111101011111011141010101111111010101111111
101010101000101010000010001000100000001010100000001
101010101010101010111010111110111110111011111111101
101010100010100010001010000010100000100010000000001
111010111110111111101011111011101110101110111111111
100010001010000000101010001000001000100010100000001
101110101011111110101110101111111011111010101111101
100010100010000000100010100000001010001010001010001
111010111110111111111010111111101010101011111010111
100010100010100000000010100000100010101000001010101
101110101010111011111010101110111110101110101010101
101000101010000010000010101010000010100000100010001
101110101011111110111110101011111010111111111011101
100010001000000000101000100010000010001010000000101
101011111111111011101011111010111111101010111111101
101000001000001000101000001010000000101000000010001
101111101011101110101111101110111110101111111010111
100010001000101010100000100010100010100000100010001
111010111110101010111010111010111010111110101111101
100010000010101010001010101010000010000010100000101
101111101110101011101010101011101111101110101111101
100000100000101000100010001000101000101000101000001
111110111111101110101111111110101010101011101011111
100000100000100010001000100000101010001010001000101
101111111010111010111010101111111011101011111110101
100010001010100010100010001000000010101000100010101
111010101110101111101111111011111110101110101010101
100000100000100000000000000010000000000010001000001
111111111111111111111111111111111111111311111111111

U
