111111111111111111111115111111111111111111111111111
101000001000001000001000100000000010100000000010001
101011101010101011101110101110111010101111101011101
101010101010100010100010101010100000100010001000001
101010101010111110111010101010111111111010111111101
101000100010100000001010000010000010001010100000101
101110111110101011101011101111101010101010101110101
101000100000101010101000101000101000100010101010101
101111101111111010101110111010111110111110101010101
101000100010000010100010100010000010100000101010001
101010111010111110111010101111111010101111101011111
101010000010000010000010100010001010100000100000001
101011111111111010111110101010101011101110111111101
101010000000000010001010101000101000100010001000101
101010101111111111101010111111101110111111101010101
100010100010001000101010100000001010100010001010001
111111111010111010101010101111111010101010111011111
100000000010100010100010001000001000101000101000001
101111111110101110111011111111101011101111101111101
101000001000001000001010000000101000101000100000101
101011111011111011111011111010101110101010101011101
101000000000100010000000000010001010001010001010001
101111111111101110111111111111101011111011111010111
101000001000100000100000000000100000100010001010101
101011101010111011101111111110111111101010101110101
100000100010001010001000000010000000001010100000101
101111111111101110111110111011111111111010111111101
101000000000001000100000101000001000001010000010001
101011111011111011101111101111101011101011111011101
101000101010000010000010000000001010001000001000101
111110101010111111111010111111111011101111101110101
100000101010100000100010000000101000100000100010001
101111101010101110101111111110101010111111111011101
100000100010001010100000000010101010000010000010001
101110111111111010111111111010101011111010111110111
100010000000001010001000000010101010001010000010101
111011111110101011101011111110101010101011111010101
101010000010100000100010000010101010101000001010101
101011101010111110111110101110101010101110101010101
101000001010001000000000101000100000100010101000101
101111111011101011111111101011111011111110101111101
100000001000101010001000101000001010000000104000101
101111101110101010101010111111101110111111111110101
101000000010101010100010100000100010000000001000101
101011111110101110111110101010111011111111101011101
101010000010100010000010101010001000000000001010001
101010111010111010111110101011111111111111111011101
101010101010001010100000101010000010000000001000101
101010101011101010101111101010101110111110111110101
101000001000001000100000001000100000000010000000001
111111111111111111111111111111111111111111131111111

L
