111111111111111111111111111111111111111111111115111
101000000010000010000000001000001000000000000000101
101011111010111010111011101011101011111011111110101
101010001010101010001010001010101010000010001010001
101010101010101010111010111010101010101110101011101
101010101000101010100010100000100010101000101000001
101010111111101011101110101111111110101011101111111
101010000010001000001000101000000000101010101000001
101010101010111111111011101010111111111010101011101
100010101010000000001000101010100000000000100000101
111111101011111111101110111011101111111111111110101
100000001000100000000010001000001000001000100010101
101110111110101111111011101011111010101010101011101
101000100010100010000010101000101010101010001000101
101011101110111010111110101110101010101011111110101
101010100010001010100000100010100010101400100010001
101010101011101010111110111010101110111110101011101
101010001010001010000010100010101000100010101000101
101011101010111011111010101110111010101010111110101
101000101000001010100010100010100010101000100000101
101110111111101010101110111010101111101111101111101
100010000000100010001000001010001000101000001000101
101111111110111110111011101011111010101011111010101
101000000000100010000010001010000010101000000010001
101011111111101111111110111010111110101111101111111
101010001000100000000010100010100010100000100000101
101010111010101111101110101110101010101110111110101
101010100010001010001000100010101010100010100000001
101010101111111010111011111010101110111010111111101
101010101000001010001000101000100000100010001000101
101010101110101011101110101111101111101111101010111
101010000000101010001000100000100010001000100010001
101011111111101010111011111010111010111010111111101
101000100000000010001000000010100010001010000000001
101110101111111011101111111110101111101011111111101
100010101000101010100000000000101000001010000000001
111010111010101010111111111111101111101011111111111
101010000010101010001010000000100000101000001000001
101011111110101010101010111110111110111111101011101
101010000000100010100010100010001000100000100010001
101010111111101110111110101011101011101110111010111
100010000010100010000010101000101010001010001010001
101111111010111011111010111110101010111011101110101
101000001010000000000010100010100010001000100010101
101011101011101111111110101010111111101110111010101
100010001000101000100000101000001000100010001010101
111110111110111010101111101111101010111010101011101
100000100010000010001000001010001010001010100010001
101111101011111111111011111010111011101010111110101
100000001000000000000010000000000010000010000000101
111111111111111111111111111111111111131111111111111

U
