111111111111111111111111111111111111111111111111111
100010001000100000000010000010000010000000001000001
111010101010101110111010101110111010111110111011101
100010100010100010101010100000100010001010000000101
101110111110111010101010111110101111101011111111101
101000100000001010100010100010100000100000100010001
101010111111101110101110101011111011111110101010111
101010000010101000100010101000001000000010101010001
101111111010101011111011101111101011101110101011101
100000000010001000001010001000101010100000101000001
111111111110111111101010111011101010111111101111101
100000100010000000101000100000101000100010001000001
111010101111111110101111101110101111101010111011111
100010001000100010101010001000101000101010101000101
101111111010101010101010111010101010101010101110101
100010000010001000101000101010101010001000100010101
101010111111111111101011101011101011111111101110101
501010001000100000001000101010001000100000100000101
101011101010101011111110101010111010101110111110101
101000100010101000001010101000100010101010000010001
111110111110101111101010101111111110101011111011111
100040100000100000101000100000000000100010001000001
101110101111111011101011101111101111111010101111101
101000100010000010001000100010101000001000100000101
101011111010111110111110111010101011101111111110101
101000001010100000100010101010100010000000000010103
101111101011101111101010101010111110111011111110101
100000101000001010001010101000100010100010000010101
101110111111111010101110101110111010111110111010101
100010000000100010100010100000000010100000101000101
111011101111101010111010101111111010101111101111101
100010001000001000101000100010001010100000001000001
101110101011111111101111111110101010111011111011111
101010101010000000000000000000101010000010001000001
101010111011111110111011111111101011111110101111101
101010000010000010001010001000001000100000100000001
101011111110111011101010111011111111101111111111101
100010001000001000101010001010000000001010000000101
111010101011101110111011101010111111111010111011101
101010100010001010000010001010101000001000101000001
101010111110111011111110101010101011101011101111111
100010100000100000000000101010100000101010000000001
101111101111101111101111101010101111101011111011101
100000001010001000101000101000101000001000001000101
111111111010111110101010101111101011101111101110101
100000000010001000101010001000101000100010001000101
101111111111101010101111111010101110111010111111101
100010000000100010100010000010101010100010000000101
101010111110111110111010111110101010111111111110101
101000000010000000001000000010000010000000000000001
111111111111111111111111111111111111111111111111111

R
