111111111111111111111111111111111111111111111111111
101000000000000010000000000000001000001000100010001
101111111011111011111111111011101011111010101010101
100010001010001010000000000010101000000010001000101
111010101010111010111111111110101011111111101111101
101010101010100010100000100010001000001000100010101
101010101010101110101110101010111111111010111010101
101000101010101000100010001000100000001010100000101
101111101010101110111011111111101111101010111111101
100000100010100000101000100010000000100010000000101
101011111110111111101110101010111110111111111110101
101000000000100000001000101000100010100010000010005
101110111110101011111011101111111010101010101111101
101010001010001010000010100000000010001010100000101
101011101011111010111110111111111011111010111110101
100010101000000010100010000000000010000010001010001
111010101111111110101010111111111110111111101011111
100010100000000000101000100000001000100000100010001
101110111111111111101111101111101011101110111011101
101000000000101000100000100000100010001000101000001
101111111010101010101111111110111010111011101111101
101000000010100010001000000010100010101000101000001
101011111110101111111011111010111110101110101011111
100010100000101000000010001000100010000010100000101
111110101111111011111110101011101011111010111110101
300010100000001000100000101010001000001010001000001
101010111111101010111111101010111111101011101111101
101010000000101010000000100010100000101000100010001
101011101111101011111110101110101110101011111010111
101000001000001000000010101000001000100010000010101
101111101011111111111010101011111111111110111110101
101000101010000000000010101010001000000000100010001
101010111011111111111110111010101011111111101011101
101010001010000000100010000010101010100010001010001
101011101010111110101010111110101010101010101110111
101000100010000010001010100000101010001000100010001
101110111111111011111011101111101010111111111011101
100000100000001000001000101000100010001000001000001
101111101111101011101110101011111111101111101111111
100000001000101010101004101010000000100000000010001
111111111010101010101011101010101111111111111010111
100000100010001000101000001010100000000010001010001
101111101111111110101111111010111110111110101010101
100000001000100000101000000010100010000000100010101
101111111010111110101010111010101011111111111111101
100010001010100010101010100010001010000010000000001
111010101010101011101010111111111010101010111110101
101000100010001000001010001000100010101010001000101
101111111111111111111011101010101111101011111011101
100000000000000000000000100010000000001000000010001
111111111111111111111111111111111111111111111111111

L
