111111111115111111111111111111111111111111111111111
101010000000001000001000100010000000001000000010001
101010101111101010101010101110111111101011101010101
101000100000101010100010100010100000100010001010101
101111111110101110111110101010101110111110111010101
100010000000100010001000101000101010100000101010101
111010111111111011101110111111101010101111101011101
101010100000001000100010000010001000100010001010001
101010101111101110111011111010111011111010111010101
101010001000001010100010001010001010000010100010101
101011111011111010101110101011101010111110101110101
101010000010000010001000101000101000100000100000101
101010111110111011111011111110101111101111111111101
101010101000001000001010000000101000100000000000101
101010101011111110101010111111101010111110111111101
101000100000100010100010001000100010100010000010001
101111101111101010111011101010101110101010111010111
100000000010001000101010100010101010101010001000101
101111111110111111101010111110101010101011101111101
100000100010100010001000001010100010001000101000001
111111101010101010101111101010101111111010101110101
100000001000101010100000000010101000001010100010101
101111111111101011111011111110111011101110111011101
101000000000001000001010100000100010100000101000001
101011111111111111101010101111101110111111101111101
101000100010000010001000100000001000000000001000001
101110101011101010111111111111111011111011111011111
100000001000101010001000000010000010000010000010001
101111111110111011101011101011111110111010111110111
101000000010000010100010001010000010100010001000001
111011111011111010111110111010111010101111101111101
100010001000100000100000101010100000101000100000101
101110101110111111101111101010111111101010111110101
101010100000100010001000001010000000100010000010101
101010111110101010111010111011111010111110111110101
101000100010001010001010000010001010100010100000101
101111101011111010101110111110101110101011101111101
100000001010001010100010001000101000101010001000001
101111111010111011111011101011101010101010111111101
101010000010000010000010000010000010101000100010001
101010111111101110111111111011111111101111101010101
100010000000100000100010001010000010001000001000101
111011111110111011101010101110111010111010101111111
100010000000100010001000101000101010100010101000001
101110111111101110111111101011101010111110111011101
101000100010000010100010001000001010000010100010001
101011101010111110101010111111101011111010101110101
101010001000001000101010000004001000001010001000101
101011111111111011111011111111111111101011111011101
101000000000000000000000000000000000100000000010001
111111111113111111111111111111111111111111111111111

R
