111111111111111111111111111111111111111111111111111
101000001000000010000000100000100000100000001000001
101111101011101011101110101110101110101111101011111
101000100010001000001000101000101010101000101000005
101010111110111110111110101011101010101010101111101
100010000010100000100010001000101000001010100000001
111111111010111111101011111110101111111010111111101
100000000010000000001010001000100010000010000010001
101111111111111111111011101011111010111111111010111
101000000000000000001000100000000010001010000010001
101111111011111111101010111110111111101010111111101
100000000010100000001010100010100000001010100000101
111111111110101111111010101011101111111010111110101
100000000010100010000010001000001000000010000010101
101111111010111010111111111111111111101011111010101
100010001010100010001000000000000000001000001010001
101011101010101111101110111111111111111111111011111
301000101000101000000000100000001000100000001000001
101110101110101011111111101111101010101111101011101
100010101000101010001000101000100010101000001000101
111110101011101114101010101110111110101011111110101
100000100000100010101010101000100010101010001000101
101111101111111010101010101011101010101011101011101
101000001000100010100010001000101010101000100000101
101111111010101110111111111010101010101110101111101
100000000010001000001000101010001000101000100010001
101111111111111111101010101011111111101011111110101
101010000000100000100010101010100000001010001000101
101010111010101110111110101010101110111010101011101
101000001010001010000000101010000010100000101010101
101111111011111011111111101010111110111111101010101
100000000010000000100000100010100010001000000010101
111111111111101010101110101111101010101111111110101
100000001000101010101000101000001010100000100000001
101011101010111010101111101011111011111110101111111
101010000010100010001000001000100000000010101000001
101011111110101111111011111010111111111010101111101
101000100010100000001010001010100000100010100000001
101110101110101111101010101110101110101110101111111
101010100010100000101000100010101010101000101000001
101010111010111111101111111010101010101110101011101
100010001000100000001000001010100010100000101000101
111011101110101111101011101010111010111111111011101
101000100010101000101010100010000010000010000010001
101110111010101010101010111111101111111010111110111
100010001010001010101000100000100000100010100010001
101111101011111010111110111010111110101110101111101
100000001000000010001000100010100010100000001000001
101111111111111111101011101110101011111111111011101
100000000000000000100000001000001000000000000010001
111111111111111111111111111111111111111111111111111

U
