111111111111111111111111111111111111111111111111111
101000100000001000100000001000100000001000100000005
101010101111101011101110101010111011101010101011101
101010100010000010001010100010001000100010101010101
101010111011111110111010111111101110111110111010101
100010001010000000100010100000100010100010100010001
111111101010111111101110111110111010101110101110111
100000101000100010000010100010001010101000101000101
111011101011101011111010101010111010101011101011101
100010001000001000100010001010100010101010001000101
101010111111111110101011111010101110101010111110101
101010100000100000001000100010100000101000100010001
101010111011101111111111101110111111101111101111101
101010001000000000100000001000100000001000000010001
101111101011111111101111111010101110111011111010111
101000001000100000001000100010001000100000001010101
101011111111101111111011101111111011101111111010101
101010000010001000001000100010001000101010000010001
101010101010111011111010111011101110101010111111101
101010101000101000000010001000000010001010000000101
101011101111101011111110111111111011111011111110101
100010001000100010000010000000001010000010001000101
101110111011101111111011111011111010101010111011101
100000100010001000001010000010000010101010001010001
111111111010111011101010111110111111101011101010111
100000000010000010001010000000100000001000101000101
101111101011111110111011111111101111111110101111101
101000001000000010100000001000100000001000100000001
111011111110111110101111101010101111101011111011101
100010000000100000101010041010001010001000000010001
101110111111101111101010111110111010111111101111101
300010101000001000001000100010001010001000001000101
111010101011111110111011101011101011101111111010101
100010001000000010001000101000101000100000100010101
101011111111111011101110101110101011111110101110101
101010000000001000100010001010101000001010001010101
101110111011101110101011111010101110101011111010101
100000101010101000101010000010100010100010000010101
101111101010101011111010111010111010111010111110111
100010001010101000000010101010101000101010000010001
111011101010101111111110101010101111101010111011101
101000101010100010000010101000100000001010100000101
101110101010111010111010101111101011111011101111101
100010101010000010101000100000001010000000100010001
101110101011111110101111101111101110111110111010101
100000101000000000100000101000100000100010000010101
101111101111111111101010101011111011101011101110101
101000000000100000101010100010001000101010001000101
101111111010101110111010111110101111101011111011101
100000000010001000000010000000100000001000000010001
111111111111111111111111111111111111111111111111111

U
