111111111111111111111111111111111111111111111111111
101000000000000010001000100010000000000010100000001
101111101111111010101011101010111011111010101111101
100000101000001010100010001000101000001010000000101
111110101011111010101110111111101111101011111111101
101000101000000010101000100000000000101000001000101
101011101011111110111011101111111111101111101010101
100010001010001000001000100000000000100010100010001
101110111011101011101110111111111110111010111111101
101000101000100000100010000000001000100010000010001
101011101110101111111011111111101011101111111010111
101010000010101000001000000000101010001000001010001
101010111110101011101011111010101010111010101011101
101010000000101000101010001010000010001010100010001
101010111111111110101110101111111011101010111110111
101010000000100000100000100000001000101010000000101
101011111110101111111111111111101111101011111111101
100010000000101000100000000010000000001010000000001
111110111111101010101111101010111111111011111011101
100000100000001010101010001010100000001000001010001
101111101110111010101010111110101111101111101011101
101000001010001010100010000000101000101000101000101
101110111011101010111111111111101010101010101110101
100010001000100010000000001000000010101010001000101
111011101110111111111111101011111111101011111011111
100010000000001000000010001000001000001000001000001
101111111111101111101110101111101011111111101111101
501000001000000010001000101000101000001000000000001
101011101111111010101011111010101111101111111111111
101000101000101010101010000010000000100000100000001
101010101010101010111010111111111111111110101111101
101010100010100010001010000010100000001000100010001
101110111110101111101011111010101111101010111010101
100010100010101000001000000010101010001010100010101
111010111010101011101111111010101010111011101110111
100010001010101010100014001000101010100000100010001
101110101010101010111010101111101010101110111011101
100010101010100010000010100000001010100010000000101
111011101010111110111110111011111010111111111111101
101000001010000010001000100010001010000000000010001
101111111011111011101011111110101011111111111010111
100000100000001000101000001000101000000000001010001
101011101111101110101111101011101011101111101011101
101000001000100000101000100010101000101000001000001
101111111010111111111010101110101110101011111111101
100000100010000000000010100000101010101010000000101
111110101111111111111110111111101010101110111110101
100010001000100000100010001000001000101000100010003
101111111010101110101011101011111011101011111011111
100000000010000010001000000010000000100000000000001
111111111111111111111111111111111111111111111111111

D
