111111111111111111111111111111111111111111111111111
100000100010000010000000000010000000000010000000101
111110111010101010111110111011101111111010111110101
100010001000101010100010001000101000001000100000101
111011101111101110101011101110101011101111111110101
100010001000101000101000100010001010001000000010001
101110111010101011111110111011101010101011111011101
100000100010100000000010001000101010101010001000101
101111101110111111111011101110111010111010101110111
100010001000001000001000100010001010001010100010001
111010111111101110111110101011101011101010111111101
101010000010100010000010001000100010100010000000101
101011111010111010101011111110111110111111101010101
101000001010001010101000001000100000100000101010101
101111101010101011101111111011101010111010111011101
100000100010101000100010001000101010000010001000101
101110111110101110101010101110111010111111101110101
100010100000101000101000100010100010100000100000101
101011101011101011111111111010101111101110111111101
101010001000101010000000000010100010001000000000001
101010111110111010101111111010111010111110111111101
101010001000100010100010000010100010100010100000101
101011101010101111111011111110101010101010101110101
101000101010101000001000000000001010001010101010101
101110101010101011101011111111111111111010101010111
100010001010100010001000100000100010000010100010001
111011111011111110111110111110101010101111111011101
101010001000000000100010000010101010101000100000101
101011101111111111101011111010101010111010101111101
101010001000000010001000001010101000100010000010001
101010101111101110111110111010101111101111111110101
301010100010001000100010000000100000001000001000101
101010111010101011111011111111111110111011101011101
101010101010101010001000001000000010001010100010101
101010101010101010101110111011111011101010111110101
101000101010101010100010100010140010001010001000001
101111101010111010111010101110101111111010111011111
100010000010000010101000100010101000000010000010001
101110111110111110101110111010101110111110111110101
100010100010100000100010101010101000100010100000101
101010111010101111101110101010101011101011101111101
101010001010001000000000101010101000101000001000101
101011101011111011111111101010101010101111111010101
101000101000100010000000001010001010000010000010001
101011101010101110101111101010111111111110111111101
101000001010101000101000101010000000000010001000101
101111111011101110101010111011111111111011101110101
100000100000000000101010001000100000100010001000105
111110111111111111111011101110101110101110111011101
100000000000000000000010000000100010000000100000001
111111111111111111111111111111111111111111111111111

D
