111111111111111111111111111111111111111111111111111
100010000000000000100000000000000010001000100000001
111010111011111110111111111110111010101010101110111
101010101000100010000000100000101000101010101010001
101010101110101011111110101111101111101011101011101
101010001010001000000010101000001000101000000000101
101011101011111111111010101011101010101110111111101
101000100000000010001010001010001010100010100010001
101110111111111010101011111010111010111011101010101
300000100000000010100010000010001010001000001000105
141111111111111110111110101111101111101111111111101
100010000000100010000010101000101000100000101000001
111010111110101011111011101010101010111010101011111
100010100010001000001000101010000010000010001010001
101110111011111111101110101111111111111111101010111
101000001000000010100000100000000000100000001010001
101111101011101010111111111111111110101111111011101
100000001000101000000010000000001000101000001000001
111111111011101111111010111111101011111011101111101
101000000010001000001010001000001000100010100010001
101011111110111011101010101011111110101110111010111
101000100010100000100010101000001000100000101010101
101110111010111111111010101111101010111110101010101
101000100010001000001010100000100010100000101010001
101011101111101011101011111110111111101111101011101
101010100000100010101000000000100000001000001000001
101010101110111110101111111111101111111010111111111
100010000010000000100000000000001000100010000000001
101111101111111110111111111111111010101111111011111
101000101000000010000000000010000010000000001010001
101010101011111010111111111110111111111111111010101
100010101000100010000000001000100000100000001000101
111110111110101111111111101011101110101111101011101
100010000000101000000010001000101000001000101010001
111011111111101010111010111011101111111010101010101
100010000010101010101010100010001000001010001010101
101010111010101110101010101110111011101011111010101
101000100000100000101010001010000010101000001010101
101110111111111111101010111011111110101111101110101
101000100000001000000010100000000010101000100000101
101111101111101011111110111011111010101011111111101
100000001000101010000010000010001000101000000010001
101111111010101011101011111110101110101010111110111
101000000010001000001000001000100010101010000000101
101011101111101111111111101011101110101110111111101
101010001000101000001000001000100000100010000010001
101011111010101110111011111011111111111011111011101
101000000010100000100010000010000000000010001000101
101111111110111111101111111110111111111110111110101
100000000010000000000000000000100000000000000000001
111111111111111111111111111111111111111111111111111

D
