111111111111111111111115111111111111111111111111111
100000100000001000000010000000001000000000000000101
111110101011101111111010101111101110101011111110101
100010101000100010001000100010100010101010001010101
101010101110111010101111111010111010101110101010101
101010100010100010100010000010001010100000101000001
111010111010111010111010111110111011111111101111111
100010100010001000101010100000001000001000001000001
101110111011101111101010101111101111101011111011101
100010001010101000001000101000001000101000000000101
101011101010101011101111101011111010101111111111101
101000101000101000101000001000100010101000100000001
101010101111101110101011111110101110101010101111101
101010100000001000100000000010001000100010001000101
101011111111111011111110111111111010111111111110101
101000000000101010100010100000001010000010000000101
101111101110101010101011101111101011111110111011101
100000100010001010101000100010100010000010001000001
101111101011111010101110111010111010111011101111111
101000101000000000101010000010000010101000101000001
101010111111111111101011111110111110101110101110101
101010000000000010001000100000101000100010001000101
101011111111111010111010101111101011101011111011101
101000100010001010001010100000001010001000000010001
101110111010101011101010111110111010111111111011111
101010001000100010001010000000100010000000001000001
101011101111111010111111101111101111111111101111101
101000100000001000100000101000001000000010101000001
101010111111101110101110101011111110111010101011101
101010001000100010100010101000100010001010101000101
101011101010111011101110101110101011101010101110111
100010101010001000001000101010001000101000101010001
111110101011101111111011101011111110101111101011101
101000101000101000001010101000000010100000000000101
101010101110101011101010101110111010111111111111101
101010100000100010001010100010001010100010000010001
101010111111111110111010111011101110101010111010101
100010001000000010101010001000100010101010001000101
101110101011111110101011101110111010101011141111101
101000101010000000101000100000000010001000001000101
101011101010111111101110111111111011111111111010101
101000100010001000001000100010000010000000001010001
101110111011101110101011101011101110111110111011111
101010100000100010101000101000100010100010000010001
101010111111111010111110101110111010101111111110101
100010001000001010100010001000100010100000000000101
111011101011101010101011111011111010111111101111101
101000101000101010001000101000001010000010001000001
101110101110101011111010101111101111111010111011111
100000100000100000000010000000100000000000100000001
111111111111111111111111111111111111111111111113111

D
