111111111111111111111111111111111111111111111111111
100010100000000000000000100000000000000000100000001
111010101111111110111110111011111110111110101111101
101010001010000000100010001000001010001010101000001
101010111010111111101011101111101011101010101111101
300010001010100000001010001000101000101000100000101
101111101010101111111010111010101110101011101110101
101000000010100000100010100010000000101010100010101
101111111010111011101010111111111110101010111010101
100000101010100010001010001000100000101010000010101
111110101010111110101111141010111111101011111110111
101000101010000010101000001010001000001000000010001
101011101011111010111011111011101011111111111010101
100010100010001010001010000010101000000010001010101
101110101111101011101010111110101011111011101011101
100010000000001010001000100000101000001000101000101
111011111111111010111111101011101111111010101110101
101000100000001010000000001010001000001010100000101
101110101111101010111011111110111011101110101111101
100010001000100010001010000000100010100000101000001
101011111011111111101010111111101110111111101110101
101000001000001000101010000010000010000000100010101
111011101111101010101011111010111010111011111010101
100010000000001010001000001010100010001000100010101
101111111111101011111110111011101111101110101111101
100000100000001010000010001010001000101000100000001
101110101111111010111111101010111010111011111111101
101000101000100010001000001010100010001000001000001
101011101010101110101011101010101111101110101011111
101000101010100010101010001010001000100010100010001
111110101010111011101010111010111110111010111111101
100000101010000010001010001010100000100010100000001
101111101011111110101011111010111011101110111011101
100010001000001000101000000010000010001010000010105
101011101111101011101111111111111010111011111110101
101000101000100010101000001000100010001000100000001
101110101010111110101011101110101111101011101111111
100010101010100010001000100010001000001000001000001
111010101010111010111110111010111011111011111010111
101010100010001010100000101010100010001010001010001
101010111111101010101011101011101110101010101111101
100010001000100010101010001010001000101000101000101
101111101110101110101011101010111011101111101010101
101000100010101000101000101010100000100010001010001
101011111010101011111110101010111111111010111011111
100010000010101000000010100010000000001010001000001
101110111110101111111010101111111111101011101111101
101000100010000010001000101000100000101000100000101
101011101011111110101111101010101110101010111110101
101000001000000000100000000010001000001010000000001
111111111111111111111111111111111111111111111111111

D
