111111111111111111111111111111111111111111111111111
101000001000001010000000000000000010000010000000001
101111101010101010111011111111111010111010111111101
101000100010101000001000100000100010101010100000105
101010111110101111111110101011101110101010101110101
100010000000100000000010101010001010001010101000101
111111111111111111111010101010111010111010101011101
100000000000100000001000101010100010100010101000101
101110111111101111101111101110101110101010111110101
101010001000000000100000100010100000101010000010101
101011101011111111111110101010101111101011111010101
100000100010000000000000101000101000001010001000101
111011111110101111111110101111111011111011101011101
101010000000101000001000100010000010001000001010001
101010111110111011101111111010111110111110111010111
101010001010100000100010001010001000000000100010001
101011101010101111111010101010101110111111101111101
100010001000101010000010100010100010000010001000001
101110111111101010111110111110111011111110111011101
100010000000101010000010001000001000000010101000101
111111111110101011111011101011111111111010101110111
100000000000100010100000101000100000000010000010001
101111101111111010101111101110101111111011111011101
101000001000001000101000100010100010000000100000101
101111111011101011101010111010111011111111101111101
300000001000100010001010001010001000000010001000001
101111101011111110111010111011111011111010111011111
101000100010001000100010000010001000001000001000001
101110111110101011101111111110101111111111111011101
100000100000100010001000000000101000000000001000101
101111101111111010111111111011101011111111101111101
101000001000100010100000000010100010000000100000101
111011111010101110101111111110111111111110111110101
100010000010100010001000001000000000000000000010001
101111111110111011111011101011111011111111101111101
101000001000100010000010001000101000000010001000101
101110101010101110111110111110101111111010111010101
101000100010101000100010100010100010000010100010101
101011111110101110101010111010111010111011101110101
101010001000100010101010001010000010101010001010001
101010101111111010101011101011111010101010111011111
101000101000100010101000100010000010101010100000001
101110101010101110101110111110111110101010111111101
100010100010000000101010000000100000100010000000101
101011111111111110101011111111101111111011111110101
101000100010000010100000001000100000041000000010101
101110101010111011111111101011111111101111111110101
101010101000101010000000001000000010001000100010001
101010101111101010111111111111101010111010101011101
100010000000001000000000000000001010000010001000001
111111111111111111111111111111111111111111111111111

D
