111111111111111111111111111111111111111111111111111
101000000010000010000000001000000010001000000000001
101111111010101110111110111010111010101110101111101
101000001000100000000010000010100000101000101000101
101011101011111111111011111110111111101011101010111
100010101000100000100010000010001000101010101010001
111110101111101110101110111010101010101010101011101
101000100010001010101010001010100010100010001000101
101010111010111010101011101010111110111110111011101
101010001000100000100000101010000010000010100010001
101010111111101111111110101011111011111011101110101
100010001000001000100010101000100010001000000010101
101111101011111010101011101110111110101011111010111
101000101010000010001000001010000000101010001010001
101110101010111111111111111011111111101010101111101
101000101010001000000010000010000000101010100000001
101011101011101011101110101010101111101010101111101
100010001000101010100000101010100000001010101000101
101110101110101010111111101110111111111010111010111
101000100010001000000010100000100010000010100010001
111011111111111111111010111111101110111110101111101
100010000000000000001010000010001000100010001000001
101110111010111111101011101010111011111011111011101
100010101010100010001000001010000000000000100010001
101010101011101011101111111010111111111111101110111
101010101010001000101000001010100000000000001000101
111010101010111110101011101011101111111111111011101
100010001000000010101000101000001000000010001010001
101110111111111110111110101111111110111010101011101
100000100010001000100000100000001000100000101000001
101111101010101011101111111011101011101111111111101
101000001000100010001000001000100010001000100010001
101011111111111010111111101110111111111010101010111
101010001000001010100000000010000000000010001000101
111010101111101010101111111011111111111111111111101
100010101000100010101000000010000010000000100000001
101110101010111110101111101111101110101111101111101
100010100010000010101000100000001000101000001000005
101010111111111010101010111111111011101011111011101
101000100000001000101010001000000000100000001000101
101111111011111111101011101011111111111110111110101
300010000010000000001010100010000000000010100000101
111010111110111111101010111110111111111011101111101
100010001000100000100000000010000000100000101000101
101110101011101110111011111111101110111110101011101
100010100000101010001010000000100010000010101010001
111011111111101011101010111110111111111010101010111
101000100000141000101010100010000010000010101010001
101110101110101010101110101011111010111110101011101
100000001000001010000000101000000000100000001000001
111111111111111111111111111111111111111111111111111

U
