111111111111111111111111111111111111111111111111111
101000000010100000100000100000001000000010000000101
101111101010101110101011101011111010111011111010101
101000001010100010001000101000100010100000000010101
101011111010111011111110101110101110111111111110101
101000100010000000100010100010000010000000100010001
101010111011111111101010111011111111111110101011101
101010001000100000001010100010100000001000101000001
101111101110101111111010101110101111101011101111111
100000100010001000101010100010101010001010101000001
111110111011111010101010111010101010111010101111101
100010001000100010001010100010101010000010100000101
101011101110101011111010101110101011111110111110101
301000101000101000001010001000101000000000000000101
101010101011101111101011101110101110111111101111101
101010101010000000101000100000100010001000100000101
101011101011111110101110111110111011111010111110101
101000101010001000100000001000100010000010100000101
101110101010101110111111101111101010111110111011101
100010101010100010100010000000001010000010001000105
111010101010111010101010111111111011111011101110101
101010001010001010101010001000001000100010001010101
101011111011101011101011111011101111101110111010101
101000100000001000001000100010100000000010001000101
101110111111101111111110101110111111111111101011101
100010001000100010001000101000000000001000001010001
101011101010111110101011101110101111101011111011101
101000101010000000101000100010101000101000001000101
111010101011111111101110111011101010101111101110101
100010100010001000001000001000001010101000001010101
101110111110111011111011111011111110101011111010101
100010100000100010001000000010000010001010001010001
101010111110101110111011111110111011101010101011101
101010001000100010100000100000101000101000101000101
111011101010111010101111101111101110111111101010101
100010000010001010101010001000000010001000001010001
101111111111111010101010111110101111101011101111101
100000000000001010000010000010100000000010101000101
101111111111101011111111101011111111111110101010111
100000100000100010000000101000000010000010001010001
111110111110111110111110111111111010111011111011101
100010000010000000100010000000001000001000001000101
101111111010111110101011111111101111111011101011101
101004001010000010101000000000101000001000100010001
101010111011111110101011111110101011101111111010101
100010000010000000101000001010100010001000001010101
101111111110111111101111101010111110111011101010111
101000000010000010101000101000000010000010101010001
101011111011111010101010101111111111111110101111101
100010000000000010000010100000000000000000000000001
111111111111111111111111111111111111111111111111111

L
