111111111111111111111111111111111111111111111111111
101000100000001000000010000000100010000000001000001
101110101110101011101110101110101011101111101111101
100010001000101010100000100010101000100010100000101
111011111011101010111111111010101114111010111110101
101010000010001000101000000010001010001010001000101
101010111110111110101011111111111011101011101011101
101010001000000010001010000000001000101000100010001
101011101111111011101011111011101110101110101110101
101000100010001010001010000010000010100000101000101
101110111011101011111010111111111010111111101011111
100010001000101000001010000000100000100000001000001
101111101110101111101010111110111111101111111011101
100000100010100000100010000010001000100010000010001
101110111010111110111111111011101010111011111110101
501000001010100010000000001000101010001010000000101
101011111010101011101110111110101011101010111111101
101000100010101000100010000000100010100010001000001
101110101110101110111011111110111110111110101111111
101000101000000010001000100010100010001000101000001
101011101011111111101111101010111010101011101011101
101000001010000000101000101010001000100010100010001
101111111010111110101010101011101011111110111110101
100000100010100010001010101010101000000010000010101
111110101110101011101010101010101111111011101110101
100000100010101000001010001010001000001000001000101
101111101110101111111011111010111011101011111011101
100000101000100000101000001010100010001010000010001
111110101011111110101011111010101011111010101111101
101000101000001000001010000010101000001010101000101
101011111111101110111010111110101111101010111010111
100010000000100010100010100000100010100010000010001
101110111110111010101110101111111010111111111011101
100010000010001010101000101000100010001000001010001
111010111011101011101011101010111011101011101110111
100010100010001010001010001010001010001010100010001
101110101110111010111010111011101010101010111011101
100010101010100000100010100010101000101010000010001
111010101010111111101110101110101111111010111110111
101010101010001000001010101000101000000010000010001
101011101011101011111010101110101011111111111010101
100010001000100010000010100010001000000010001010101
101110111110111111101010111010111111111010101011101
100010100000100000001010100010000010000010101000101
111010111011101110111010101111111010111111101110101
101000100010001000100010101000001010100000001000103
101111101110111011111110101110101010101011101011101
101000001000101000000010100010101010101010001000001
101011101011101111111010111010101010101011111111101
100000100000000000001000000010100000101000000000001
111111111111111111111111111111111111111111111111111

U
