111111111111111111111111111111111111111111111111111
100000100010000000000000000000000000100000000000001
111110101011111011111111111111101110111011101111101
100010001010001010100000100000001010001000101000001
101011111010101010101110101111111011101110101011111
101010100010101000100010001000000000100010101000001
101010101110101111111011111010111110111010101111101
101000101000100000001010000010001010001010101000101
101110101010111111101011111111101011101010101010111
101010101010000010001010000000001000101010100010001
101010101111111010111010111111111010101010111111101
101000100000000010000010100000000010001010100010001
101011111111111111111110111011111111111010101010101
101000000010001000000010001010000000000010001010101
101111111110101011111010101110111111111111111110101
100010000000100010001010100000100000000010001000101
111010111111111110101010111111101110111010101011101
100010000000100010100010100000100010100010100010001
101111111110101110111010101110111110101110111110111
100000000010100010001010001010000000101000001000001
101011111010111011101111111011111111101110101111111
101010000010000000100000001000000000100010100000003
101010111111111110111111101010111111111011111110101
101010001000000010001000100010000000001000000010101
111011101011111011101110111111111111101111111010101
100010101000100000101000000000000010100000000010101
101110101110111110101011111111111010111111111110101
100010000010001000100010001000000010000010000000101
101011111011101111111110101011111110111010111111101
101000001000001000000010100010100000100010101000001
101111101111111011111010111110101011101110101011101
101000100000001000100010001000101000100010101010001
101110111111101110101111101110101110111010101011111
100010000010100010100000101000100010001010001010001
111411101010111010111011101011111011101111101010101
101000001000100010101000001000100010100010001000101
101111101111101110101111111010101110111010111111101
500000001000101000100000001010001000001000001000001
101111111010101011111011101111101111101111101011111
100000100010001010000010100000100000101000101000001
111110101111101010101110111110111110101010111111101
100000100010001010101000000010000010001010000010001
101111111011111010101110111011111011111011111010101
101000001000001010100010101010100010001010001000101
101011101111101011111010101010101110101010101111101
101000100000001010000010100000100010100010101000001
101110111111111010111110111111111010111110101011111
100010000000001010100010001000100010100000101010001
111011111111101010101110101010101110101111101011101
100000000000100000100000100010000000100000100000001
111111111111111111111111111111111111111111111111111

D
