111111111311111111111111111111111111111111111111111
101000000010000000000000000000100010000010001000001
101111101010111111111111111110101110101010101110101
100000101010000000001000001000100000101010100000101
111110101010111111101011111011101111101010111111111
100010001010001000101000001010000000101000100000001
101011111011101010101011101010111111101110101111101
101000001000101010001000100010001000101000100000101
111110101110111011111110111111111010101111111110101
100000100010000010000010000000000010100000000000101
101110111111111110111011111111111110111111111110101
101000100000000000101000001000000010100000000010101
101111101111111110101111101011111010101111111011101
100000101010000000100000001000001000101000000010001
101110101010111111101111111111101111101110111110101
101000100010100000100000000000100010000010100000101
111011111010111011101111111110111010111010101111111
100010000010100010001000100010001010100010100000001
101010111110101110111010111011101011101110111111101
101010000010100000001010001000001000101000000000101
101111111010111111111011101111111110101011111110101
100000001010000000000000100010000010101010000010001
101111101011111111111111111010111010101010111011101
100010001010000000101000000010101010101010001000101
111110111011111010101011111110101014101111101110111
100010001000000010001000001000101000101000000010001
101010101011111011111111101011101111101011111111101
101010100010001010000000001000000010100010000000001
101011111110101110111111101111111010101110111111101
101000000000100000101000001010000010100010000010001
101111111111111111101011111010111110111011111010111
100010000010000000001000000010001000000010000010001
101010111010111011111110111111101011111110111111101
101010001010001010000010100000001010000010101000001
101011101011101010111010101111111110111010101011111
101000101000101010001000100000100000101000101000001
111011101110101111101111111110101111101111101111101
100010001000100010001010000000101000000000000010001
101110111011101010111010111111101010111111111110111
101000100010001000000010001000001010100000000010101
101011101111111111111111101110111010101111111010101
100000100010000010000000101000100010101000101010101
101111111010111010111110101011101111101010101010101
100010001010001000100010101000101000100010101010101
111110101011101111101110101010101010111110101010101
100000100000100000101000101010101010000010101000101
101110111111111110101010101010101011101110101111101
101000100000000010001010101010101000100010001000001
101111101111111011101011101110101110111011101011101
100000000000001000001000000000100000001000000010001
111111111111111111111111111111111111111115111111111

D
