111113111111111111111111111111111111111111111111111
100010000000001000001000000000000000000000100010001
111010111111101411101011111011111111111110101010101
100010001000100010001010001010001000000010001000101
101111101011111110111011101010101011111011111111101
101000001000000000100000001000101010001000000010001
101011111011111111101111111111101011101111111010111
101010001000000010001010000000001010001000001000101
101010101111111011101010111111111010101011101111101
100010100000001000100010000000100010101010101000001
111110111011111110111111111110101110101010101110101
100000100010000010000000001000100000100010000000101
101010111110111011111111101011111011111011111111111
101010100010001000100000101010000010001010001000001
101011101011101110101011101011101110101110101011101
101000101000100010001000101000101000100000100010001
101110101110111011111110101010111011111111111110111
100010101000001010001010001010001000100010000010001
101110101011101010101011111011101110101011111011101
101000101000101010101000001000100010001000000010001
101011101110111010101110101011111011111110111110101
101010000010001000100010101010000000000010100010101
111010111111101111111010101010111111111110101010101
100010100000000010100010100010100000000000101000101
101110101111111010101111101110101111111111101111101
100000101000001010100000101000101000100010100000101
101111101011101010111110101011101010101010111110101
101000101000101000001000101000000010001000101000101
101110101110101111101011111110111111111110101011101
101000100010100000101000100010100000100010101000101
101011111010111010101110101011101110111010101110111
101010000010001010100010101010001010001000100010001
101010111111101011111010101010111011101011111011101
101010001000001010000010001000100010001000000000101
101011101011111010111111111111101010111111111110101
100000101010001000100010000010001010100000100000101
111110101010101111101010101011111010111010111111101
100000101000100000001010101000001010001010000000101
111110101011111111101110101111101011101011111110101
100010101010000010001000100010000000100010000010001
101011101110111010111011111010111111111110111111101
101000001000100010001000101010001000100000000010001
101011111011101111101110101010111010101111111010111
101010001000101000000010001010100010001000001010001
101110101110101110111110111011101111111010101011101
101000100010100010001000100010001000100010101000001
101011111010111011111011101110111010111010101111111
100010000010001000000010100010100010001010100010001
101110111111101111111110111010111011101110111011101
100010000000000000000000001000000010000000100000001
111111111111111111111111111115111111111111111111111

U
