111111111111111111111111111111111111131111111111111
100000000010100000000010000010000010000000100000101
111111111010101110111110101010111010111011101010101
100000101010001000100000101010001000101000101010001
101110101011111011101111101011101111101110101011101
100010101010001000000000101000101000100010001010001
111010101010101011111111101110101010111011111011111
100010001000101010000010001000100010001000100010001
101111101111101110111010111111111111101010101010101
101000101000100000100010000000001000001010101010101
101010101010111111101110111110101011111110101110101
101010100010100000100010001010101010000010140000101
101010111110101110111011101010111010101010111111101
100010100010100010001010000010001010101000000010001
101110111010111011101011111111101010101111111010101
101010100010100010001000100000101010101000000010101
101010101010111110101110101110101011101110111110111
100010101010000010100010101000001000100010100010001
111110101111111010111110101111111110101011101011101
100000101000000000100000100000001000101010001010001
101111101011111110101111101111101011111010111010101
101000000010000010101000101000100000001000001010101
101111101110111011101011101010111111101111101010101
101000101000101000101000000010100010000000101010101
101010111011101110101011111111101011111110111010101
100010001000100010101000100000001000000010000010101
101111101110111010101111101111111111111011111110101
100010100010001010001000100000100000001010001000101
111010111011101011111010111110111011101010101011111
101000001000001000000010000010001000101000101000001
101111101111111011111111111010101011101111101111101
100000100010100010001000001010101010001000001000001
101110111010101011101010111010101010101011111011101
101000100010001010001010000010101010101000000010001
101010101111111010101011111110101010111111111110111
101010100000100010101000001000101010000010000010101
111010111110101110101111101110101011111010101010101
100010001000100010100010100010101010001000101010101
101111101011111010111010111011101010111111101110101
100010001000100010001010001000001010000010001000101
101011111110101110101011101111111011101010101011101
101000000010001000101000001000100010001010101010001
101111111011111011101011111010101110111110101010101
100000001010001010001010001010101000001000101000101
111111101010101010111110101010101111101011111111101
100000101010100010001000100010100010001000000000001
101111101010111111101011111110111010101111111111111
101000101000100000101000000010100010100000001000101
101010101111111110101111111010101110111111101010101
100010000000000000100000000010000000100000000010001
111111111111111111111111111111111111111111111115111

R
