111111111111111111111111111111111111111111111111111
100010001000000000100010000010001000100010000000001
111010101011101110111010101010111010101010111110111
101000101000100010000010101000100010101000100010001
101111101110111011111110101111101110101111111011101
100010001010101000100000100000100010101000000000101
101110111010101110101111111110111010101110111110101
100010100000000010101000000010000010100010101000101
101010111111111110101111101111111110111010101011101
101000100010000010100000100000001000100000100000101
101111101010111010111110111111101011101111111111101
101000001010101010000010000000001010001000001000001
101010111010101010111011111111101010111011101011111
101010100010101010101000001000001000001010101000001
101110101110101010101111101011111111111010101111101
100010100000100010001000100000100010001010101000101
111010111111101111101110111111101010101010101010101
101010100000101000100000101000001000100010100010101
101010101110101110111110101011111111111110111110101
100010101000100010001000001010100000000000100010101
101110101111111010101011111010101111101111101010101
100000100010000010101000100010000010001000001010001
111111111010111110101110101111101110101011111011101
100000000010101000100010100000101000101010001000101
101010111110101011111010111110111011101010101110101
101010100000101000101000001000100010001010101000101
101011101111101110101111111011101111111010101010101
101000101000000010000010001010001000001000101010101
111110101111111011101110101010111011101111101011101
100000101000000000101000100010001010100000001010001
101111101011111011101011111111101010111111111010111
501000001010001010001000000000100010000000001010001
101011111010101110111111111110101111101110111011101
101010100000100010001000000010100000100010001000001
101010101111111011101111101110111110111011101111111
100010101000001000000000001000100010001010041000001
101110101111101111111111111011101011101110101111101
101000100000100000100000001010001000101000100010001
101011111110111011101111101011111010101011111010101
101000000000000010001000000010000010101000001000101
101011111111111010111111111110111111101111101111101
101010000000001010000000001000000010001000100010003
101110111111101111111011101011111010111010111011111
101000100000100000001000101000100010000010001000001
101011101010111111101111101110101011111111101110101
100010101010100000100000001010101010000000100010101
111110101010101111111111111010101110111110111011101
101000001010001000001000001000100000100010001010001
101011111011111011101011101011111111111011101010101
100000001000000000100000100000000000000000100000101
111111111111111111111111111111111111111111111111111

L
