111111111111111311111111111111111111111111111111111
101000000000000000100000100010000000001000000000001
101011111111111110101011101010111011101111111011101
101000100000000000101010001000100010000000100010001
101010101111111111101010111111101111111110101111111
101010100000000010001010100000101000000010100000001
101110101111111110111010111010101011111010111110101
100010101000400000001000000010100000001010000010101
111010111011111111111011111111111111111011111011101
100010000000100000001000100000000000001000100000001
101110111111101111101110101111111111101110111011111
101000100000001000101000101000000010100010001010001
101011101111111011101011101011111010111010101110101
101010001000100010001010001000101000001010101000101
101110111010101010111010111110101111101010101011101
100010001010001010101010000010101000001010100000101
111011101011111010101011111010101011111010111111101
100010001000001010100010000010100010000010100000101
101110111111101110101110111110111110111111101110101
100010000000100000100010000010100010001000100010001
111011101110101111101111111010101011101010101011111
101000100010100010001000000010101000100010101000001
101110111110111010111011111110101011111110111111101
100010100000100010001000100000001000000010000000001
101010101111101110111110101111111111101011111111101
101010001000001000100010101010000010001000000010001
111011111011111011101010101010111010111111111010111
100000001000100010001000101010100000100000001010101
101111111110111110111111101010111111101111101110101
101000000000100010001000000010000000101000100010001
101011111111101011101111111011111110101011111011101
101000001000001000001000001000100010000010001000001
101111101010111111111011101111101011111110101111101
100010001010000000000010001000001000000000100000101
101010111111101111111110101011111011111111111110101
101010100000101000001000101010001010000010000010101
101110101110101011101010111010101110111010111010101
100010001010101000100010100010100010001000101000101
101011111010111110111110101110111011101111101111101
101000100010000010000010101010101000001000000010001
101110101011111011111010101010101111111110111110111
101010001000001010001010100010100000100000100000101
101011111111101010101011111010111010111010101111101
101000001000001000101000001010001010000010100010001
101110111011101111101110111011101011111011111010101
100000100010001000100010001000101010000010000010101
111111101111111010111011101110101011111110111111101
100000001000001010001000100000101000000000100000001
101111111011101011101110111111101011111111111011101
100000000000100000100000000000001000000000000010001
111111111111111111111111111111111111111115111111111

R
