111111111111111111111111111111111111111111111111111
101000000000100000000000100000000010001000000000001
101110111110101111111111101011111110101011101111111
100000100010101000000000101010000010100010100000001
111111101110101011111110101010111010111110111111101
100000100000100000101000101010101000000000001000101
111010101111111110101011101010101111111111101110101
100010100000100010001000101010100000100010000000101
101011111110101011111010101010111010101011111111101
101010000000101010001010001000100010101000000010001
101010111111101010101011111111101011101111111010101
101010000010001000101010001000001010001000100010101
101011111010101111101010101011101110111010101110101
101000100010100010101000100010101000100010100010101
101111101111111010101111111110101011101110111010111
100010001000000010100010000000101000100010001010001
111010111110111110111011111011101110111110101010101
100010000000101000000010001000101000100010101010101
101011111111101011111110101110101011101010101011101
101000000000101000001000100010001000001010101000001
101111111110101111101010111011111011111011101111101
100010000010000010001010001000001010001010000010001
101010111111111010111111101111101110101010111010111
101010000000000010100000001000001000100010001010101
101011111011111110101111111011111011111111101010101
101000001000000010101010000010000010000000001010101
101111101111111010101010111111111010111110111010101
101010001000100010001010000000000010000010101010101
101010111010101111111011111111111111111110101010101
100010100010000010000000000000000000001000101010101
101110101111111110111111101110111111101011101010101
101000101000000000100000100010100010001010001010101
101011111011111111101110111010101010111010111010101
101000100010000000001010001010101010000010000010101
111110101111101111111011101010101011111011111110101
100000101000100000001000001010101010000010000000101
101111101010111110101011111010101010111110111111101
100000101010000010101010000010101010001000101000001
111110101011111011101010111111101010111011101011101
100000100010001000001010100000101010100010001010001
101110111111101111111010101110101010101110101010111
100010100000000000100010001010101010101000101010003
101011101011111111101111111010101011101010111011101
101000001010000000001000000010001000001010000000101
101111111010111111111110111011111111111011111111101
500010100010000010000000101010000010000000100040101
111010101011111010111111101011101011111111101110101
101010101010001000100010001000001010000010001010001
101010101110101111101110101111111010111010111011101
100000100000100000000000100000000000100000100000001
111111111111111111111111111111111111111111111111111

L
