111111111111111111111111111111111111111111111311111
101000000000100000000000000000000000100000000010001
101111101111101111111110111111111010111011101010101
101000100000001000000010001000001010001000101010101
101010101111111011111011101011101011101110101010101
100010100010001010000010101010001010001000101000101
111110111010101010111110101010111011101011101111101
101000100010100010001000101010001000101000101010001
101011111010111111101010101111101110101111101010111
101000001010001000101010000000000010101000001010101
101111101110101110101111111111111110101011111010101
100000100010100010000000100000000000101010000000001
101111111010111011111110101111111111101011101111111
100010000010001000100000101000000000101000101000001
111010111111111010111011101010111111101010101011101
100010100000001010001000001010000000101010101000101
101110101111101011101111111011111110101010111011101
100000101000001000100010000010100010101010000010001
101111101011111111111010111110101010101011111110101
100000001000100000000010100000101000101010001000101
111111111110101111111110111110101111101011101011111
100010001000100010001000100010100000101000001000001
101110101011111010101011101010111110101110111111101
101000100010001010101000001000100000101000100010001
101011111110101010101110111111101110101110101010101
100010000000100010100010100000101010100010101000101
101110111011111110111010101110101010111011101111101
101000100010001000101000100010001010001000101000001
101010111110101110101111111011111010111110101110111
101010000010100010000000001000100000100000100010001
101110111010111011111111101110101111101111101011101
100010001000100010000000101000101000001000101010001
111010111110101110111110101011111011111010101011101
100010100010101000101000101000100010100010001000101
101110101011101011101011111110101110101111111110101
101010101010001000001000100010100010001000000010101
101010101010111111101110101010111010111111101110101
101000101010000000000010001010100010000000101000101
101111101011111110111111111010101111111110101011111
101000101010000010001000000010100010000010001000001
101010101010111011101011111110111010111011101111101
100010001000100010101010000000001000101010101010001
111111111111101110101010111011111111101010101010111
100010000000100010001010101000000000000010100010001
101110111110111011111010101111111111111110111011101
100000101000001000001010100010000000001000100000101
101111101011111111101010101110111011101011101111101
100000001000000000100010100000100010001000001000101
111111101111111110111110111111101110111111111010101
100000000000000010000000000000401000000000000010001
111511111111111111111111111111111111111111111111111

L
