111111111111111111111111111111111111111111111111111
101000100000000000000000001000001000000010000000001
101010101110111111111111101011111011111010101111101
100010101000100000001010001000000010001000100010003
111110101011101111101010111111101111101111111010111
100010101010001010001010001000100000000000001010001
111010111011101010111011101010111111111011111011101
100010100010001000000010100010000000001010000010001
101110101110111111111010111111111111101010111110111
100010001000100000001010001000000010001010000010001
101011111110101111101011101011111010111011111011101
101000001000101000101000001010000010001000001010001
101011101010101011101111111010111111101011111010111
101010001010101000100000000010000000001010001010101
111010111011101110111111111111111111111110101010101
100010100010001000100010000010000000000010100010001
101110101010111010101110101011111110111010111111101
101000101010100010001000101000000000100010000010001
101110111010101111111011101111111111101111111011111
500010000010100010000000101010000000101000000010001
111011111010111010111111101010111010101011111110101
100010001010001000101000001000101010101000000000101
101110111011101011101011111011101011101111111011101
101000000000101010001000001010001000001000001010001
101011111111101010101111101010101111111011101110111
101000100000001010100000101010100000001000100010001
101111101111111011111011101011111011111010111011101
101000100000100010000010001000001000100010001000001
101010111110101110111110111111101010101111101111111
101010000010100000100000100010101010101000100000001
101010111110111110101111101010101010101011111111101
101010000010000010100010001010101010101010000000001
101011111011111010111010111010101110101010111111101
101010001000000010101000100010001000101010000010101
101011101111111110101111101110111011101011111010101
101000000000001010100000100010100000000000100010001
101111111111101010111011111010111011111110101111111
100000100000101000000010001010001010001000101000001
111010101011101111101110101011101110101111101011101
100010101000101000101000100010001000100000100010001
101111101110101010111011111110111011111110101110111
100000100010101010001010000010100000000010100010001
101110101110101011101011111010101111111010111111101
100010101040100010100010000010101000000010001000001
111010101011111110111110111110111011111111101011101
100010101000001000100010000000100010000000101000101
101110101110101010111010111111101110111010101110111
101010101000100010000010000010001010001010100010001
101010101011111111111111111010111011101011111011101
100010001000000000000000000000100000001000000000001
111111111111111111111111111111111111111111111111111

R
