111111111111111111111111111111111111111111111511111
100000001000000000000000000000100000000000000010001
111111101111111111111111101110101111101111111011101
100000101000001000000000101000100000100000101000101
101110101011101011111110101011111111111110101110101
101000100010001010001010101000000000001000101000101
111010111110111010101010101111111111101011101011101
100010000010100000101000001000100000001010001010001
101111111010111111101111111010101111111010101010101
101000100010000000100010000010001000000010100010101
101011101111111110111010111111111111101110111110101
101000000010000000100010001010000000001000100000101
101111101110111111101111101010111011111011101111101
100000101000100000001000101010001000100000001010001
101110101011101111111011101011101110111111111010111
100010101010000010000010001000101000100000100010101
111110101011111010101110111010101010101110101110101
100010101000100010101000100010001010100010100010101
101010111110101110111011111111111011111010111010101
101000100010100010000000000000000010000010001010001
101111101010101011101111101111111110111111101011101
100010001000101000101000101000000000100000001010001
111010111111101110111010111011111111141111111010111
100010100000000010000010100010100000001000001000001
101110101111111111111110101110101111111011101111101
101000101000000000000010001000100000001010101000101
101011111011111111111010111110111111101010101010111
101000001000100000001010000000100000100000101010001
101111101110101111101011111111101110111110101011101
100000100000101000001000000010001000000010101010001
111010111111101011111111111010111111111010101010101
100010001000001010001000001010000000101010100010101
101111101111101010101010101011101110101011101110101
101000100010001010100010101000100010101000101000101
101010111010111110111110101110111110101110101011101
100010001000100000100010100010000000100000101010001
111110101111101111101010111111111111101111111010111
100010100000101010001010001000001000001000000010001
101010111110101010111010101010111011111011111111111
101010000010000010100010101010000010100010000000001
101011111111111010111011101011111110101010111111101
101010000000001010001000101010001000001000100000001
101010111111101110101110101010111011111110101111101
101000100010100010101000001010100010000010100000101
101111101010111011101111111010101110111010111110111
101000101010000000001000000010101010101010100010001
101010101011111111111011111110101010101010111011101
101010101000001000000010000010000010101010000010001
101010101111101011111111101011111110101011111110101
100010000000100000000000001000000000100000000000101
111113111111111111111111111111111111111111111111111

U
