111111111111111111111111111111111111111111111111111
100010001000100000001000000000100000000010000000001
111010101011101011101011101110111111101010111111101
101000101000001010001010100010000000101010000000101
101111101110111010111010111011111110101011111110101
100000100010001010100000001000001010101000100000101
111110111011101010111111111111101010101110111110101
100000001000101010000000001000001010001000100010101
101111111110101011111111101011111011111011101011101
100010001000101010000000100010000010000010001000101
101010101011101010111110111110111110111111101110101
101000100010101010000010100010000010100000001000001
101111111110101010111010101010111010101111111111111
100010100000101010100010101010100010100000100000001
111010101110101010101111101010101110101110101111101
500010000010101010100000001010101000101000100000101
101110111110101011111011111010101011101011111110101
100010100010001000001010001010101010101000000000101
111011101011111111101010101010101010101111111111101
101000001000000000001000101010101010100010001000001
101111111111111111111011111010101010111010111011101
100000100000000000100010000010100010000000100010001
101111101011101111101110111110111111111111101111101
100000001010001000100010001000100000000000001000101
101111111010111010111011101011101011111111101010111
101010000010001010001010100010001000000000101010001
101010111111111011101010111111111011111110101011101
100010100000100000101010000000001000100000101010101
111010101110101111101010111111101111101111111010101
101010101010001000101010100010000000100000000000101
101010101011111010101010101011111110111110111111101
101010101000001010001010101000001000000010001000101
101010101011111011111010101111101111111011111010101
100010001000100010001010100000100010001010000010001
101111111010101110101010111110111010111010111111101
101000001010100000101010000000001010000000100000101
101110101110111111101010111111111010111111101110101
101000101000101000001010001000000010001000100010001
101011101010101011101011111011111011111010111110111
100010001010001010001010001000001010001010000010101
111110111011101011111010101111101010101011111010101
100010001000101000001000100000101010101000001010101
101011101110101111101111111110101110101110111010101
101000100010101000100000100000100000100000100010101
101011111010101110111011101111111110111111101110101
101000001010101000001000101000000010100000100010103
101111101010101010111110101110101010101110111010101
100010001000100010100000100010101010101010000010001
111010111111111110101111111011101011101011111111101
100010000000000000100000000000001000041000000000001
111111111111111111111111111111111111111111111111111

L
