151111111111111111111111111111111111111111111111111
101000001000001000001000000000000000101000000000101
101011101110101110101110101111111110101011101110101
101010001000101000100000101000001010100010101000001
101010111011101011111111111011101010111010101111111
101010100010101000000010001000101010001000100000001
101010101110101011111010101011101011101111111110101
100010100010101000101000100010001000101000000010101
111110101010101110101111111110111011101011111011101
101000101010001000001000001000100010001000001000001
101011111010111111111011101011101110111011101111101
101000100010000010001000100010000000100000101010001
101110101111111010101010111110111111111111101010111
100010100010000010101010100010100000000000001010001
101010111011101110101010101110101011111111111011101
101010001000100010101010100010101000001000000000101
101011101110111010101110101010101111101110111111101
101000100000100010100010101010100000101000100010001
111110111111101110111010101010111110101010101010111
100000100000100000101000101010001000101010101010001
101110101010111111101111101011101111101011101011101
101000101010000000100010001010001000001000001000101
101111101011111110101011101010111011111111111011101
101000001010000000001000101010100010000000001010001
101011111011101111111110111010111010111111101010111
100000001000101000100000000010001000000010001010101
101111111110111010101111111111101011111110111010101
101000100000100010101000000000101010000010001000101
101010101111101110101011111110101110111011101110101
101010100000001000101000001010101000101000100010001
111010101111111011111111101010101011101110101011101
100010100000100010000000000010100010000010101000101
101110111111101010111111111110111110111010101110101
100010100000001010001000100000000000100010101000101
111010101111111011101011101111111111101110111011101
100010001010000010101000101000001010001010000010101
101111111010111110101110101011101010111011111110101
100000100000000000100010100010101000000000100000001
101110111111111111111010111110101111111110101111111
100010100000000000001000100000100010000000100010001
101110101111111111101110111110111011111011111010101
101000101000100000100010001000101000001000001000101
101011101010101110111011101010101111101111111111101
101000001010001000001000100010001000101000000010001
101111111111111011101010111111101011101011111010111
100000100000100010101010100000101000101000001000101
111110111010101110101010101011101010101111101111101
100010000010001000101010101000001010100010001000001
101011111111111010101011141111111110101110111110101
101000000000000010001000000000000000100000000000101
111111131111111111111111111111111111111111111111111

U
