111111111111111111111111111111111111111111111111111
100000000000100000000000100000000000100000001000001
111111111110111111101011101111111010101011101110101
100000100010000000101010000000100010101010100010101
101010111011111110101010111111101111101010111010111
101010000000001000101000001000101000101010000010005
101011111111101011111111111010101010101011101111101
101000001000101010000000000010100010001000100000001
111111101010111010111111111110111011111110111111101
100000001010000010000010000010001010000010001000101
101111101011111111111010101111101011101011101010101
100000101000000000001010101000101000101000101010101
101110111111111111101010111010101110101111101011101
101010000000101000001010000010001010100000101000001
101011111010101011111010111111111010101110101011111
100010000010001000000010100010001000101000101010001
111110111011111111111110101110101011101010101110101
100000100010000000001000100010100010001010101000101
101111101110111110111011101010111111111011101011101
101000001000100010100010001010001000001000100000101
101111111011111010101110111011101010101010111111101
100010001010000010101000100000101010101010000010001
101010101010111010101111101111101010101110111010101
101000101000101010100000100010001010100000101010101
101111101111101010111110111010111110111111101010111
101000100000001010000010001000100010000000100010001
101010101111111010111111101011101011111010111110101
101010001000001010001000101010001000001010100010101
101011101011101011101010101010111111101110101011101
101000101000101000100010001010100010001000101000101
101110111110101110111111111010101011101010101110101
101010001000101000100000001000101000100010101000001
101011101011101011101111101111101110111110101111111
101000100010001010001000100000100010101000100010001
101011111110101010111010111110101010101011111010101
101000000010101010100010100010101010100000101000101
101111111010101010101011101010111010111110101111101
100000000010101010101010001010000010001000000010001
111111111010111010111010111011111111101011111110101
100010000010100010001000100010000000101000100000101
101010111110101111101110101110111110101111101111101
101000100000100000100010101000100000100000101000101
101111101110111110111011101011101111111110101010101
101000101000000010001000100010100000100000101010101
101110141111111111101110101110111110101111101011101
100000100000000000100000101000100010101000001010001
111110111111111110111111101010101010101011111010111
301000100000000010001000101010101010001010000010101
101011101111111011101010101010101011111010101110101
100000001000000000100010000010001000000010100000001
111111111111111111111111111111111111111111111111111

D
