111111111111111111111111111111111111111111111111111
101000001000000000001000100000000000000000000000001
101011111011111011101010101111111111111111101111111
101000000000001010000010101000000010000000001000001
101110111111101011101111101011111010111111101011101
100010100010001000101000101010001010000010001010001
111011101011111010101010101010101011111011111010111
100010001000001010101010000010101000001010000010001
101110111111101010111011111110101111111010111111101
100000100000101010000000100000100010000010001000001
111111101010101011111111101111111010111111101011101
100000101010101000100000001000001010000000001010001
101110101010101110101111111011101010111111111010111
100010001010100010100000001010001010100000001010001
111111111011111011111111101010111010101111101011111
500000000010000010000000101010001010101000101010001
101111111110111110111110101011101011101010101010101
100000000000100000100000101010101000101010001000101
101111111111111110101111101010101110101110111111101
100000100000000000100000101000100010100010100000001
111110111110101111111110101011111010111010111011101
100010100010101010000000001010001000000010001000103
101110101011101010111111111110101111111111101110111
100010101000001010000000100010100010000000100010001
111010101111111011111011101010111010111110111011101
100010101000100000000010001000001000100010101000001
101110101010111111111110111111111111101010101111101
100000100010000000001000100010000000001000100010001
101111111111111110101011101010111111111111111010111
101000000000000010141000101010100000000010000010001
101110111111111010101110101010111011111010101011101
100010001000001010100010001010001000001000101000101
111010101010111011101011111011101111111111101111101
101010101010000000001010001000100000000000100000101
101010101111111111111010101110111111111110101110101
101010100000001000001000100010100010000000101010001
101011111110101011101111111110101010111111101011111
100010000010101010100000001000101010100000100000001
101110111010101010111111101011101010101111111111101
100000101010100010000000101010001010100000000010001
111111101010111111111011101010111010101111111010111
100010001010000000001000100010100010100000001000101
101011101011101111101110111110101010111111111110101
101000001010001000100010000010101010000000000010001
101111111011111010111010111011101111111111111011111
100010001000000010101010100000001000000000001000001
101010101111111110101010101111111011111111101011101
101000100000001000100000100010000010000010001010001
101111111110111011111111111110111110111110111110101
100000000010000000000000000000100000000000000000101
111111111111111111111111111111111111111111111111111

D
