111111111111111111111111111111111111111111111111111
101000000000000010000000000010000000001000100000001
101011111111101110111111101011101111101010101110101
101010000000001000001000101000001000001010100010101
101110111111111011111010101111111011111010111010101
100010000000000000100010001000100010000010100010101
111011101111111111101111111010101111111110101110101
101000101000001000101000000010100000100010000010101
101110111011101010101011101110111110101010111110101
100010000010001010001000101000000010001010001000101
111011111110111011111111101111111011111011101011111
100010000000101000001400100010001000001000101000003
101110111111101011101010101010101111111110101111101
100010001000001000100010101000100000000000100000101
111011101010111110111110101111111011111111111011101
100000101010100000100010100010001000001000000010001
101111101010101111101010111110101111101111111110111
100010001010001000001010000000101000100010000010001
101010111111111011111011111111101011111010111011101
101010000000100010001010000000001000001000101010001
111011111110101111101010111111111110101111101010101
100010000010001000001010001000000000100010001010101
101011101011111110101011101110111011111011101010111
101000001000001000101000100010001010000000001010001
101011111111101010111110101011111011111111111011101
101010001000000010100000101000001000100000001000001
101110101110111111101111101111101110101111101111101
101000100010001000001010000010001000101000100000001
101011111010111011111010111110111011101011111111111
501010001010100010000000001000100000001000000000001
101010111011101110111111101011111011111111111011111
100000100010001000100010001010001000000000000010001
111111101010111011101011111010101111111111101110101
100000001010001010101000001000101000000000101000101
101111111111101010101111101011101111111110101011101
101000000000101000101000001000100010000010001000101
101011111010101111101110111111111010111011111011101
101000101010100000100010001000100010001000000010001
101110101011111110101011101010101111101111111110101
100010101000100010101010100010100000100010000010101
101110101110101010111010111110101110111011101010101
100010000010001010000010001000100010001000001010101
111011111011111011111111101011111010111111101110101
100000100010001000100000001000100010000000001000101
101111101110101110101110101110111111111011111011101
100010001000100010001000100010000000001010000010101
101010111011111011111011111111111111101110111110101
101010001010001010001010001000100010001000100000101
101011101010111011101010101010101010111011101011101
101000000010000000001000100010001000000010001000001
111111111111111111111111111111111111111111111111111

R
