111111111111111111111111111111111111111111111111111
100000100000100000000010000000001010000000000000101
111110101110111111101110111011101010111111101110101
100010100010000000100000100010000010000010100010001
111010111011111110101111101110111111111010111011101
100010100010000010101000001000100000001000001000101
101110101111101110111010111111101110101111101110111
100000100000100010100010100000001010101000000010001
101111111110101010101011101111111010111011111111101
100000000000101000101010001000100010000010001000001
111111111111101111101110111110101011111110111011101
101000000000101000100010000010001000001000100010101
101010111111101110101011111010111110101010101110101
101010000000001000101000001010100000100010100010001
101011111111111011101010111011101111111110111011111
101010001000001000101010100000001000100000101000001
101010111011101010101011101111111010101111101111101
100010001000100010001000101000000010100010000000101
101111101110111111111010101011111110111011101011101
101000000010001000001010001000100010101000001010001
101110101111101011101111111110101110101111111010111
101000101000101010100000001000101000100000100010001
101011111010101010111111101011101011101110101111101
101000000010001010100000001010001010101010001000001
101011111111111010101111111010111010101011111011101
101000001000001010001000001010000010001000100010101
101111101011111010111010101011101110111011101110101
100010001000100010001010101000101010001010001000105
111011101110101111101110101110101011101010111010101
101000100000100000101000101000101010001010001010001
101110111110111110101011101011101010111011101011111
100010100000100010100010001010001010100000101010001
101010101111101010111110111010111010101110101011101
101010100000101010000010100010001000001000101000001
101010111110101111111010101111101111101111101111101
101010100010100000001010100010100010101000100010001
101110101010111111101010111010111010101010111011111
301000101010100000001010001010100010001010001000001
101011101010101011111011101010101111111011101110101
101010001010001010000010101010001000001010000010101
101010101110111110111110101010111011101011111011101
100010100000100010100010101010000010101000001000101
101111111111101010101010101011111110101111101110101
101004000000101010101000101010001000100000101010001
101011111110101010101111101010101110111110101011101
100010000010101000100010001000100010001000101000101
111110111010101111111010111111111011101011101010101
100000101010001000000010000000000010001010001010101
101111101011111010111111111111111110111010111010101
100000001000000010000000000000000000000000100010001
111111111111111111111111111111111111111111111111111

R
