111111111111111111111111111111111111111111111113111
100010000000000000100010001000001000000010001000001
111011111111101110101010101110101010111011101010111
100010000010001010001000100010100010001010001010001
101110111010111011111111111011101111101010111011101
100000101000100000000000001000100010101010000000101
111111101111111111101111101110111010101011111111101
100000100000001000101000100010100000101000104000001
101111101011101010101010101110101111101110101111101
101000001010100010001010101000101000001010001000001
101011111010111011111110101011111011111011111011111
101000100010000010000010101010000010000010001000101
101110101110111110111010101010101111111010101110101
101000101010001010001010001010100010001000100000101
101011101011101011101010111010111010101111101111101
100010101000100010001010100010001000101000100010001
101110101010111010111010101111101111101010111011101
100010101010000010101010100000100000100010001000001
111010101111101110101011111110111110111111101111101
101000101000100010001010000000100000001000001000101
101110101010111111101010111111111111111011111011101
101000101010000000101000100000000000001000001010001
101011101011111110101111101011111111101111101010111
100010101010100010101000101010000000100010001010001
101110101010101010101011101010111111111010111011101
100000100010001010001000001010000010000010001000101
111110111110111011111110111010111010111111101011101
100000100010101000000010100010101000100000001000001
101111101110101110111011101110101111101111111110111
100000101000100010001000001000100000100000000010001
111110101011111011101111111011101111101111111011101
100000100000000000101000001000101000101000101000101
101111101111111110101110101110101010101010101110111
101000101000000010100010100010100010000010100010001
101010101011111011101010111110111111111110111011101
100010101000001000101010000010000000000010000010001
111110111111101110111011111011111111111011101110101
100010000000001000100010000000001000001000101000101
101111111111111011101110111011111011101110111011101
100010000000001000100010001010000000100010001010001
101010111010111110111010101010111111101011101011111
101000100010100000100010101010100010001000101000001
101111101111101111101110101110101010111110101111101
101000101000001000001000100000101010100000100000101
101011101011111011111011111111101010111111111110101
101000101000000010100010000000101010000000001010101
101110101111111110101111101010101011111110101010101
100010100000001000101000101010101000000010100010001
111010101111111010101010111010111111111010111111101
100000100000000010000010000010000000000010000000001
111511111111111111111111111111111111111111111111111

L
