111111111111111111111111111111111111111111111111111
101000001000100000001000001000000000100000000000101
101011101010101111101111101011111110101111101110101
101000100010001000100000101000100010001000100010101
101010111111111011111110101110101111111011111010101
101010001010000000100000100000100000001000001010001
101110101010111110101111111110111011101110101011101
100010101010100010001000000010001010001000101010001
111011101010101011111010111011101010111011101010111
101000001010001000100010001000100010000010001010101
101111111011111110111111101110111111111111101010101
100000001000100010001000001000000000000000101010101
101110101011101011101011111111111111111110111010101
101000100010001000101000100000100000100010001010001
101011111110111110101010101110101111101011101011101
101010000000001000101010001010100000101000101000101
101010111111101010101011111010101110101110101110101
101010100000101010101010000010101000100010000000101
101010101110111010101010111010101011101111111111101
101000100010000010101000101010101000001000000000101
101111111011111110101111101010111011111011111110101
100010001000100000101000001010001000100010000010101
111110101110101111101011111011101111101110111010101
100000101000100000101000000000101000001000100000101
101111101011111110101111111110101011111011111111111
100010000010000000100000001000101010001000000000001
101011111110111111111111101111101011101111111111101
101000001000101000000000100000100000000000100000101
101111101011101011101111111110111111111110101110101
100010001000001000100010000010000000000010101010101
111010111111111011111010101111111111111011101010101
101014000000000010000010101000000010001000001000101
101011111111111110101110101011111010101111111011101
101010000000100000101000101010001000100000100010001
101010111110101111101011101010111111111011101110101
500010100000101000001000100010000010001000100000103
101111101110101111111110111110101010101110111111101
101000101000101000000000100000101010100000000000101
101010101011101011111111101111101110101111111011101
100010001010001010000010000010001000101000001010001
111111111010111010111010111110101011101011101110111
100010000010100010001010101000101010101010100000101
101110111110101111101010101011111010101010111111101
100000100000101000001010001010000010001010100000001
101111101111101110111011111010111111101010101111101
100000101000100010101000100010000000101010000010001
111011101010111010101110101011111110101011111110101
101010001010001000100000101010000010101000100000101
101010111010111111101111101011111010111110101111101
100010000010000000000000001000000010000000001000001
111111111111111111111111111111111111111111111111111

U
