111111111111111111111111111111111111111111111111111
501000001000001000001000001000000000001000000000101
101010101110101011101110101011111011101111101110101
101010101000100010001000101000001000100000101000001
101010101011111110111011101110111110111110101111101
101010100010001000100010000010140000100010100000101
101110111110111011101111111010101111101010111110101
100000100000001010000000001010101000001010000010101
111111111011101011111111101010101111111011111010101
100000001010001000000000001010101000001000001000101
111110101110111111111111111011101011101010111111101
100000100010100000000000001000001000100010100000101
101111111010101111111010111111111110111110101011101
101000100000101000100010100000100000100010101000003
101010101111101110101110101110101011111010101111111
101010101000001000100010101010001010001000101000001
101010111011111010111010101011111010101111101011101
100010100010000010001010100000001010100000001010001
101110101111111011101011111111101010111111111011111
101000101000000010101000001000101010100000001000001
111010101011111110101110101010101010101011101011101
100010100010000000101010100010101010101010001010001
101110111110101110101010101111101010111011111010101
101000100000100010101010101000001000100010000010101
101111101111111011101010111011111111101110111110101
101000001000000010001010000010001000100000100010101
101011111011101110111011111110111010101111101010101
101000101010101000100000001000100010100010001010101
101110101010101011101111101010101110111010111110101
100010101010001000100000100010101010001010100010101
101010101011111110101110111111101011101010101010101
101010101010000000100010000000101000100000101000101
101110101010111111111011111110101110111111101111101
101000101000100000100010000010000010100010001000001
101011101111101110101110111111111010101010111011111
101010000000001000101000100000100000101000101000001
101011111011111011101011101110101111101111101111101
101000001000101000100010001000100010001010001000001
101111101010101110111110111011111110111010101011111
100000101010100000100000100010000000100000100010001
101111101010101111101111101110101111111111101111101
101000001010101000001010001000101000000000100010001
101011111010101011111010111011101011111110111010111
101000100010101000100010001010001000100000101010001
101110111110101010111011101011111011101111101010101
100000100000101010001010001000000010001000001010101
101111101111101111101010111111111110111011101010101
100000001000100010001000100000000010101010101010101
111111111011111010111011111011111010101010101011101
100000000000000000100000000010000000100000100000001
111111111111111111111111111111111111111111111111111

D
