111111111111111111111111111111111111111111111111111
100010001000000010000000001000100000100000100000001
111010101110111010101111101010111010111010141111101
100010101000100010100010101010001010000010001010001
101110101011101110111010101011101011111111111010111
100000101000100010100010000010101000001000001010001
111111101010111011101111111110101011101011101011101
100010101010100000001000100000101000100010001000001
101010101110101111111010101110101111111010111011111
501000100010101000000010101010100010001010101000001
101111111010111011111110101010111010101110101111101
101000100010100000000010100010000000100000101000001
101010101110101111101110111110111111111111101011111
100010100010001000101000100010100010100000000010001
111110111011111010111011101011101010101111111111101
100000001000100010001000001000001010000000000000103
101111101110101111101011111111111011111111111110101
100010000010001000001010100000001010000000000010001
101011111111111011111010101110111010111111111011111
101010000000000010000010000010001010100000001000001
101010111111111110111111111111101010101011111110101
101010100000001010100000000000001000001010000010101
101010101011101010111011111111101111111110111011101
101000101000101000000010000000101000001000101000101
101111101110101111111010111110111011101011101110101
101000001000100010001010100000001010101010000010101
101110111011111010101110111111101010101010101110101
100010101000001000100010000000100010001010100000001
111010101111101111111011111010111110111011111111101
101010100000101000001000001010001010001000000010101
101010101011101011101111101111101011101011111010101
100010101000100010001000001000001000101010001010001
101110101110111110111011111010111110101010101011101
101010101000100000100010000010100010001000101000101
101010111011101111111011111011101010111111111010101
101010001000101000001000001000001010000000001010101
101011101010101011101111101011111011111111101110111
101010001010101010100010101000001000001000100010001
101010111110101010111010101111101111101110111011101
101000000000100000100010100000100010101000001000101
101111111111111111101110111110111010101011101110101
100000000000000000001010001000100010101000101010101
111111111111111111111010101011101110101110101010101
100010000000000010000000100010000000100010100010001
101010101111111010111111111110111111111010111011101
101010100000001010000000001000001000000010001000101
101010111111101111111111101111101011111111101111101
101000100000100010000000100000101010100000001000001
101111101110111010111011111110111010101011111011111
100000001000001000001000000000000010001000000000001
111111111111111111111111111111111111111111111111111

D
