111111111311111111111111111111111111111111111111111
100000001000000010000000100000100000000000100000001
111111101011111010111110101110101110111110111110101
101000001010001000101000101000101000100000100000101
101011111010111111101011101110111011101111101111101
100010000010100000000010000010000010000000101000101
101110111110101111111111111010111111111110101110101
100010000010001000100000000010100000100000001000101
111011111010111010101110111111101110111111111011101
101000100010000010001000100000001010001000101000001
101110101111111111101111101111111011101010101011111
100000100010001000001000000000100010001010101010001
101111101010101110111011111110111010111010101010101
101000101000100010100010001000000010000010100000101
101011101111111011101110101111111011111110111111111
101000101000001000000010100010001010000000100010001
101010101110111111111110111010111010111111101010101
101010000000100010000000100010000010000000001000101
101110111111101010111111101110111111111111111011101
100010100000101000100000101000000010000010001010001
111011101110101111111011101011111110111010101010101
101000001000101000000010001010000010101000101010101
101111111011101010111110111010111010101111101110111
100000001000001010100000100010100000101000100010001
101010111111111011101111111010111111101010111010101
101010100000001000100000001010001000100010001010101
101011101110101010111111101011101110101111101011101
101000001000101010000010001000100010101010001000101
111111111011111010111010111111111010101010111110101
100010000010001010101010100000000010100010100010101
101010101110101010101010111011111110111010101010101
101000101000101010100010001000100000001010001000101
101110111011101010111111101010101110111011111111101
100010100000100010000010001010100010104010000000101
101011101111111111111010111010111110101111101110101
101000000010001000000010100010100010000000001010001
101111111010101011111010111110101011111111111011101
100010001010100010001010001000101000100000001000001
111110101110111110101011101011101110111111101011111
100000100000100000100000101000101010100000100000001
101111111011111110111111101010101010101110111111101
101000000010000010100010001010101010001000100000101
101011111110111010111010111110101011111011101110101
101010001000101010000010000010101000001000001010101
101011101011101011101111111010101111101111111010101
101000001010001010101000001010000000000000001010101
101111111010111010101011101011111111111111101010101
101000100010100010001010101000000010000000100010101
101010101110101111111010101111111010111110111110101
100010000000100000000000100000000000100000000000101
111111111111151111111111111111111111111111111111111

R
