111111111111111111111111111111111111111111111111111
101000000000001000100000001000001000000000001000001
101011111111101010101111101011101011111011101010101
101000000010101010000000100010001000100010101010101
101111111010101110111111111110111011101110101010111
100000100010100010100010000010000010001000101010001
111110101110111011101010111010111110111010101111101
100010001000001000001000100010100000100010001000101
101011111010101111111111101111101111101111111010101
101000001010100000000010001000001000101000000010001
101110111010111011111010111011111110101111111011101
101000100010100010001010100000100000101000100010001
101010101110111110101110101110111011101014101111111
101010101000100000100000100010001000000010100000001
111010101011101111111111111111101111111110111110101
500010101000001000001000000000100000001010000010101
101111101111111011101010111110111011101011111011101
100000100000100000100010100010001000101000001000101
111110111110111110111111101011101011101011111110101
100000001000100000100000001010101010001010000000103
101111111011101011101111111010101110111010111111101
101000001000101010000000001010100010001010100000001
101011101110101110111111111010111011101010101110111
101000101000100000100010000010001000101000100010001
101110101011101111101010111110111110101011111111101
101000100010001000101000100000000000101000000010001
101011111110111011101111101111111111101111111010101
101010000010100000100010101000000000001000001010101
101011101110111010111010101111111011111110101010101
101000100000001010001010100000000010100000101000101
101110111111101110111010111111111110101011111111101
100010000010100000100010001000000010001000100010001
101111111010111110101110111011111010111110101010111
101000001010001000101000001010001010000010001000101
101011101010111011101111101010111011111011111111101
101010100010000010100000100010100010001010000000001
101010111111101110111110101110101110101011111010111
101010000000100000001000100010100000100010001010001
101010111110111111101011111010111111111110101111101
100010000010000000101010001000100000001000100000101
101111101011111110111011101110101110101011111110101
100000101000001010001000100000100010100010001000101
111110111011101011101010101111111010111110101011101
100010001000101000101010100010001010001000101000101
101011101111101110101110111010101011101011101110101
101000100010001000100000101010100000101000100010001
101110111010111011111111101010111111101110111111101
100010001000101000001000000010100010001000100000101
101011111111101011101011111111101010111011101011101
101000000000000000100000000000001000100000001000001
111111111111111111111111111111111111111111111111111

U
