111111111111111111111111111111111111111111111111111
101000000010000010001000000010000000001000001000001
101011101110101010101110111010111011101110101110101
101000100000101000100000100010001010100000100010101
101111111111101011111111101111111010111111111011101
100000000000101010000010001000000010000010001000101
111111111110101010111010111110111110101110101110101
100000100010101010100010100000100010100010100010001
101110101010101110101110111011101011111010111011101
101010101000100010101010000010001000001010001000001
101010101111111010101011111110111111101011101111111
101000101000001000101000000000100000100000100010001
101111101011101111101011111111111010111110111011101
101000001010100000001000100000100010001000101000101
101011111010111111111110101110101110111011101110101
100010000010001000000010101000101000100010001000101
101110111010101010111010101011101011101111101011101
101000100010101010101000101000001010100000001000001
101110101110101110101111101111111010111011111111101
100010101000101000100000001000001010001010000010001
111011101011101011111011111011101010111010111010111
301010001010001010000010001010100000100010100010001
101010111011101010111110111010111111101110101111101
101000100000100010100010000000001000101010100000005
101111101110111110101011111111111010101010111111111
140000100010001000001010000000000010000010000010001
101110101111101011111010111111111111111111111011101
100010101000101010000010100000000000100000100010001
111110101010101110101110101111101110101011101110111
100000101010101000101000101000101000101000001000001
101111101010101011111011101010101011101111111110101
101000001010001010001000101010001010001000000010101
101011111011111010101110111011111010111111101011101
101010001010000010100000100010001010001000001010001
101010101011101010111111101110101111101011111010101
100010101000101010001000001000100000001010100010101
101110101110111011101011101011111111111010101110101
101000100000100000101000101000000000000010001000101
111011111111101111101111101111111111111110111011101
100010000000000000001000001000000000001000100010101
101110111111111011111011101011111111111011111010101
101000000010001000100010001010000000001000001010001
101111111110101110101111101010111111101111101010111
101000000000100010101000100010101000100000100010101
101011111111111010101010111110101010101111111110101
100010000010001010001010000000100010101000000000101
101110101010101011111011111111111010101011111111101
100010101000101010001010000010001010101000100000001
111011101111101010101011101010101110101110101111101
100000001000001000100000001000100000100000001000001
111111111111111111111111111111111111111111111111111

R
