111111111111111111111115111111111111111111111111111
101000100000000000100000000010000010000000001000001
101010101110111110101111111010101011101111101011101
100010100010001010100000001010101000001000101000101
111110111111101010101111101110101111111010101010101
100010001000101010100010100000101000000010101010101
101111101010101010111010111111101011101111101110101
100000100010001010001000000000101010001000101000101
101110111111111011101110111110101010111010101011101
100010100000000000100010100010101010000010101000101
111010101111111011111011101011101111111010101010111
100010101000001000001000001010001000001010101010001
101110101011101111101111111010111011101010101111101
100010000010001000001010000010000400101010000000001
111011111111101011101010111111101111101111111111101
101010000000101000100010100000101000101000000000101
101010111110101110111010101110111010101011111110101
100010100010101010100010001010000010100010001000101
101110111010101010111111111011111110101111101011111
101010001010100010100000000010000000100000001000001
101011101010111010101011111010111111111111101111101
100010101000001010001000001010100000100000001010001
111010101111101011111111101110101110101111111010101
100000100010001010000000001000101000101000100010101
101111111010111110111111111011111010101110101010111
101010000010001000100000000010000010100010001010001
101010101111101010101111111110111111111011111011101
101010101000100010100000100000000000100010001000101
101010111010111111111110111111111110101110101010101
100010000010000000000010000000000010101000100010101
111011111111111110111011111111111010101011111110101
101000100000001000100010000000001010101000100010101
101110101111101011101111111111101010101110101011101
100000001000101010001000000010001010101000101000101
111110111010111010111110111010111010101010101110101
100010100010000010100000101010001010000010100010001
101011101111111110111011101011101011111110111011101
101010001000000010000010001000001000001010001010001
101010111111111011111110101111101111101010111010111
101000100000100000000000101000000000101000100010001
101110101110101111111111111011111110101011101111101
101000100010100000000000000010001000101010101000001
101011111010111111111111111110101011101010101111101
101010000010000000100000000000101010001000100000101
101110111111111110101111111111101010111111101110111
101000100000000010001000000010001010100000100010001
101011111011111011111111101110111010111010111111101
101000000010001010001000001000100010001010001000001
101111111110111010101011101011111111101011101011101
100000000000000000100010001000000000000010000010001
111111111111111111111111111111131111111111111111111

L
