111111111111111111111111111111111111111111111111111
100010001000001000000000000000101000001000000010001
111011101011101011101111111110101010101111101010101
101000100010001010101000100000100010100000001000101
101110111110111010101010101111101110101111111111101
100010000010000010101010101000101010101000100000101
101011111011111010101011101011101010111010111010101
101000001000001000101000101000000010000010001010101
101111101111101111101110101011111110111111101010101
100000100000100000001000101010000010000010001010001
101110111110111111111010101110111011111010111011111
101010001010000000001010101000101010000010001010001
101011101011111111101010101011101010111111101110101
100000101000100000100010101010000010001000100000101
111110101110101011111110101010111111111010111111101
100000100010001000000000101010001000000010000000001
101111111010111111111111101011101110111111111111101
101000100010100000100010001010101000100010000000001
111010101110101111101010111010101011101010111111111
100010001000100010001010001010000010101000100000101
101111111011111010111011101011111110101111111010101
100010001000001010101000101000101000100010000010101
101010101111101010101011101110101010111010111110101
501010101000101010001000001000101010001010101000101
111010101010101011101111111011101010111010101011101
100010101010001000101000001010001010100010100010001
101110111011111110101010101010111010101110111010101
101010000010000000101010100010000010101000001000101
101010111110111110101110111110111110101111101111101
101000100000100000101000101000101000100000001000003
101011101111101111101011101011101011111111111011111
101000001000101000101010001010001000000000001000101
101111111011101010101010101010101111111111101110101
100000101000001010100010101010100000100000100010001
101110101011111011111110111011101110101010101111101
101000101000101000000010000010001010101010140010001
101011101110101011111010111110111010111011111010111
101010000010100000100010001000100010001000001000101
101011101010111111101011101011101011101010111111101
101000101000000010001000100010001000101010000000001
111110101111111010111110111110111110101111101111101
100000101000100010001010001010001000100000101000001
101111101010111010101011101010101111111110101111101
101000001010001010101000000010101000000010100000101
101011111011101011101111111010101010111110111110101
101000001010001000001000001010100010000000100010101
101011111010111111101011101110111111111111101010101
101010000010001000001000100010100000001000001000101
101110111111101111111110111010111011101110111111101
100000000000100000000000001000000010000000100000001
111111111111111111111111111111111111111111111111111

U
