111511111111111111111111111111111111111111111111111
100000001000000000100010000010000000001000000010001
111111101010111111101010101010111011101110111010101
100000101010001000001000101010001000100000100010101
101110101011101011111111101111101110111111101110111
100010101010001010000000100000001010100010001000001
101010101110111011111110111111101010101010111111101
101010100010001000001000001000100010101010100000101
101011111011101111101011101010111010101110101110101
101000001000100000000010001010100010100010100010001
111111101110111111111110111010111110101010111011101
100000000010000000001010001010000000101010001010001
101111111111111111101011101011111111101011101011111
100010000000001000001000001000100000001000101000001
101010111110111011111011111010111111111010101111101
101010001400100010000010001010000000100010100000001
101011101010101111111110101111111110101110111111101
101010001010100000001000101000000000101000000000101
111010111011111111101011101011111111101111111111101
100010101000000000100010100010100000000000000010001
101110101111111110111110111110101111111111111010111
100010100000101000000000000010001000000000100010101
111010101110101011111111111110111011111110101110101
100010001010101000001000000000100010001000001000101
101111111010101111101011111111101110101111111011101
100000000000000010001010000000100000100010001010001
101111111111111110111011111010111111111010101010101
101000000010000000100010001010001000000010101000101
101111101110111110101110101010111011111110101111101
100000101000100010100000101010001010001000100010101
111110101011101110111111101111101010101011101010101
100000001010000000000000101000001000101010101010101
101111111010111111111111101011111111101010101010101
100000100010000010000000001000000000101000101000101
111110101111111010111111111111101011101110101110101
101000100010001010100000100000101000101000101000101
101011111010101110101110101010101110101011101011101
100010000010100000100010101010100010100010001000101
101110111110111111101010101010111110111110111110101
100010100000100000101010101010000010001010000010101
111010101111111010111011101011111010101011111011101
101010001000000010001000101010000000100000101000101
101011111011111111101010101010111111111110101110101
101000100000100010001010001010001000100000100010001
101110111110101010111110111011111010111110101011111
101000100000101000100010001000000010000010001000001
101011101111101111101011101111111111111011111111101
101010001000101000001000101000000000001010001000001
101010111011101011111110111011111111101010101011111
100000100000000010000000000010000000000010100000001
111311111111111111111111111111111111111111111111111

D
