111111111111111111111111111111111111111111111111111
100010001000000000000000000000100010000000100000001
111010101110101111111111111110101011101110111111101
101000100010100000000010000010001000100010000010001
101111111011101111111010111011111110101011111010101
100010001000100010000010001010000010101000001010101
101010101110111010111111101110101110111111101010101
101010100000100010100000001000100010100010001010101
101110111111111110101110101011111010101010111010111
100000100000000000100010101000001010001000100010001
101111101111111111111010111011111011111111101111101
100010100010000010001010100010001000000010001000001
111010101010111010111010101110101111101110111010101
100010001010001010000010001000100010001000101010101
101111111011101011101111111011111010101011101010101
100000001010001000100000001000001010101010000010101
111111101010111110101111101111101010101011111110111
100010001010100000101000100010101000101000000010001
101010111010101011111010111010101111101111111010101
101010001000101010000010100000101000001000001010101
101111101011101110111110111110101011111010111011101
100000101010100010100010001000101000100010001010001
101011101010111010101111101011101011101111101010101
101000001000101000101000001010101010001010001010101
101111111110101111101011111010101110111010111010111
100010000000100000101010000010100000100010000010001
111010111111101010101010111110111111101011111111101
100010100000101010001010000000001000101000001000101
101110111010111011101010111111101010101111101010101
101000000010100010001010100010000010001000001010001
101111111110101111111011101011111111111011111011111
100000100000001000001000001000001000001000100000001
111110111011111011101011111111101010111110101111101
100010001000100010001000000000101010001000100000101
101111101110101110111111101111101011101011111111101
100010001000100010100000001000001010100010000000001
101010111111111010101111111011111010111110111111101
101000100010000010100000001010001000001000100000101
101111101010111110111111111010111111101010101110101
101000001010000010000000001010000010101010101010001
101011111010111011111111101011101010101110101011111
100010000010001010000010101000101000100010100000003
111110111111101010111010101110101111111010111111111
101000100010001000001010100010100010001010100000001
101011101011111111101010111010101010101010101111101
100010001010000000101010000010101000100010001000001
101110111010111110101011101110101111111111111011101
500010001010100010101000101000141000000000001010101
111011101010101110111110101011101110111111101010101
100000001000100000000000100010000000100000000010001
111111111111111111111111111111111111111111111111111

U
