111111111111111111111111111111111111111111111111111
100000100000000010000000001000000010001000100010001
111110111010111010111111101011111010101010101010101
100010001010100000100000101000001000101010001010101
101111101110111111111110101110101111101011111010101
100000100010000000000010100010100010001010001000101
101011111010111111111010111011111010111011101111101
101000001010000010001010000000000010001000001010001
101111101011111010101010111111111111111111101010111
101000100010001000101010100010000010000000100010001
101010111111101111101010101110111010111110111011101
100010000000100000101010101000101000100010001010101
111111111110101110101010101011101111101010101010101
101000000010100010101010101000001000101000101000101
101010111110111010101010101111101110101111101110101
101010000010100010001010000000100010100010001000101
101011111010111111111011111110111010111011111011101
101000001000100000000010000010101010001010001000101
101111101111101111111111101110101010111010101011101
500000100010001000000000100000101010001000100010001
101110111010101011111110101111101011101111111110111
101000001010100000001010100000001000101000000010001
101011111010111111101010111111111110101011111011101
101000100010100000100010000000100000101010001000001
101110101110101110111011111110101111101010101111101
101010100010101010001000100010000010001010100000101
101010111011101011101110101011111010111011101110101
101010001000001000100010101010001000100010001000103
101011101111111011111010101010101110101110111110101
100010001000000010001010001010100010101000100010101
111110101011111010101011111110111010101010101011101
100010101010001000101000001000100010101010101000001
101010111011101111101111101011101111101010101111111
101000100000000010000000100010101000001010100010001
101111101111111110111110111110101011111011111010111
100000000010000000100010000000101010001000100010001
101111111110111011101011111110101010101010101110101
101000001000100010001000100000100010101010001000101
101011111010111110111110111110111110101011111011101
100010000010100000101000100010100000101010000010001
101110111110101111101011101011101111101011111110101
101000100000100000101000101000100000101010000000101
101011101111111110101110101110111011101010111111111
101000101000000010100010001000100010401010000010001
101110111011111010101011111011101110101011111010101
101000100010100010001000001010001000101010001000101
101010101110101111111111101010111011111010101011101
101010101000100010001000001000100010001000101010001
101011101010111010101011111111101110101111101110101
101000000010001000100000000000100000100000000000101
111111111111111111111111111111111111111111111111111

R
