111111111111111111111111111111111311111111111111111
101000001000000000001000100000000000000000000010001
101010101110111111101010101111111110111111111011101
101010101000100000100010100010000000100000001010001
101110101011101011111110111110111111101111101010111
101000101000101000100010001000100000101000140010001
101011101110111010101011101011111110101010111111101
100010100010001010001000100010000010100010001000101
111110111010101111111010111110111010111111101010101
100000001010100010000010100000100010000000100010101
101111101011111010111110101011101110111010111110101
101000001000000010101000101010000010001010000010101
111010111111111110101011101011111011101011111010101
100010100000000000101000101000100010001010001010101
101110101110111111101110111110101111111010101110101
101000100010000000100010000000101000001000100010101
101111111011111110101011101111101110101111111010101
100000001010000010101010001000100000100010000010001
101110111010111010101110111010111111111010111111101
101010100000100010100000100010101000100010000010001
101010101111111110101111101110101010101111101010111
100010101000100010100000100010101010100000101010101
111010101010101010111110111010101010111110111010101
100010001010001010001010001010100010000010000010101
101111111011111011101010111010111011101110111110101
100000101000001010001000100010001000100000100010001
111110101111101010111011101111101111111011101011101
100010100010001000100010000000100010001000101000001
101010101110111110111110111111111010101111101111111
101010001000100010100010001000100010100000101000001
101011101011101011101010111010101010111110101010101
101000101000001000101000100010001010000010001010101
101010101111111110101111101111111011111011111010101
101010101000100010100000100010000000001010001010101
101011101010101010111011111011111111111010101110101
101000001010001010100010001010000000000010101000101
101111111011111010101110101010111111111110101011101
100010000010001010100010100010001000100000100010001
111010111110101010101110111011101010101111111110111
100010001000101010001000100000101010001000000000101
101110101011101011111010111111101011111011111111101
101000101010001000101010100010001010100010000000101
101111101110111110101010101010111010101110101110101
101000100010000010001010101010100010000010101000101
101010101011101111101011101010101111111011101011101
100010101010001000001010001010100000101000001010001
111110111010111011111010111010111110101111111011101
100010000010000010000010101010000000100000000010001
101111111110111110111110101011111111101111111110101
100000000000000010000000001000000000000000000000101
111111111111111111111111111111111111111115111111111

U
