111111111111111111111111111111111111111111111111111
100010001000000000000000100010000000001000001000101
111010111011111011111110101010101111101011101010101
100010100010001000100010001010101000000010100010001
101110101110111110101011111110101111111110101111101
100010000010100000101000001000100000100000001000101
111011111010101011101111101011111110111111111010111
101000001000101010001000100010000010001000000010001
101111101110101110111010111111101011101011111111101
100010001010100000101010000000101000100010000000101
101110111010111111101010111110101010111110111010101
100000100010100000100010001000101010100000100010101
101111101110111110101111101011111010101111101011101
101000100010100010100010001010000010101000001010001
101010111010101010101110111010111110101010111110101
100010001000101010001000101000101000101010100010101
111111101011101011111011101111101011111010101010101
100000101000001000000010001000000010001010101000101
101111101111111111111111101011111110101011101111101
100000100000000010000000001010001000101010001000101
101110111111111011111110111010111010101010111011101
101010100010001000100010001010001010100010001010001
101010101010101110101011101010101010111011101010111
101010001000100010001000100010100010001000101010001
101011111111101111111110111011111111101111101011101
100010000000100000000010001000001000001000001000001
111011111110111111101111101111101011111011111011111
101000000000000000100000100010001010001010100010001
101111111111111110111010111010111010101010101110111
100000101000000010001010001010001010100010001000001
101010101011101111101011111011101010111110111111101
101010001010100000101000001010000010100000100000101
101011111010111110101111101011111110101111101110101
101010000000100000101010001000000000101000001010101
101010111111101110101010111111111111101111101010101
101000101000001000100010000010000010001000001010105
101111101011111111111011101011101010111011111010101
100000001000000010000000101000001010000010000010101
111111101111111010111111101011111111111110111010101
100000101000001000100010001010000000000000100010101
111110101111101111111010111010111111101111101110101
100010100010001000000010001010001000101000000010101
101010111010101011101111101111101011101011111110101
301000001000101010001000100000101000101010000010001
101111101111101010101010111110101110101110111011101
100010001000001010101010000000100000100010101000101
111410111011111110111011101111101111111010101110101
100010100010000000100010001000101000000010100010101
101111101111101110101111111010101011111110111010101
100000000000001000100000000010001000000000000010001
111111111111111111111111111111111111111111111111111

D
