111111111111111511111111111111111111111111111111111
100010000010000000000000000010000000100000000000001
111010101010111111111111101010101110101011101111101
101010101010000000100010001010101000101000101000101
101010101011111111101010111011101111101110111010111
101010101010000010001000101000101000001000100010001
101010101010111010111111101110101011111011101111101
100010101000100010100000100010100010001000000000101
101110101111101110101110101010111110101110111110101
100010101000100010101000101000100000100010100010101
111011101011111010101011101111101111111011101010101
100010001000000010101000101000001000001000101010101
101110111110111110101110101010111011111110101010101
101000100010000000101010101010001000100000101010101
101011101011111111101010101111101010101111101011101
101010001010000000100010001000001010100000001000101
101010111010111110111110111011111110111111111110101
101000001000000010000010100010000000000000100010001
101110111111111011111010101110111111111011101011101
100010100000100000001010001010000000001010001000001
111010101110111111101011111010111111101110111111111
100010101010100010101000100010100000100000100000101
101111101010101010101110111010101110111111111010101
100000101000001010001010100010100010000000100010101
111110101111111010111010101110111011111110101110101
100010100000001010000010100000100010000010101000101
111010101111101011111010111110101111111010101011101
100010101000101000101010100010001000000010101000001
101110101110101110101010101011111110101110101111101
101000100000101010100010001000001000101000100010001
101011111011101010111111111111101011101011111011111
101010001010001000100010000040101000101000001010001
101010101010111011101010111110101010111111101010101
101010100010001010001000100010101010100000001000101
101011111111101011101111111010101110101111111011101
101010000000001000100000001010101000101000001000101
101010111111111110101111101010101011101011101111101
100010100000100000100000101010101010001000101000101
101110101110101111111111101010101010111110101010101
100010001000100010001000001000101000100010100010001
111010111011111010101011111011101011101010111111101
101010100010001010100010001000101010001010001000001
101011101110101010111110111110101011101011101111101
100010001010100010100000000010001000101000100000101
101110111010111110111011101011111110101110111110101
101000001000100010001010001000000010100010000010101
101011101011101110101110101111111110101011111010111
101010001010000000100010101000000000101000101010001
101110111011111111111010111011111111111110101011101
100000100000000000000010000000000000000000100000001
131111111111111111111111111111111111111111111111111

R
