111111111111111111151111111111111111111111111111111
100000100010000000001000000010000000100000000010001
111110101010111011111011111010101111101110111010101
100010001010100010001010001000100010000010101000101
101011111011101010101010101111111010111110101111101
101000000010001010101000100010100010100010100010001
101111111110111110101111111010101110101010111010111
101000000010100000100000001000100000101000100010001
101110111010101111111111101110111111101111101011101
101000100010000010000000101000000010001000001010101
101011111011111010111110101011111110111011101010101
101000001000100000100000100000100000101010001000101
101111101110111111101111111110101111101010111110101
100000101010001010001000100010100000101010100010101
111110101011101010111010101011111110101010101011101
100010101000001000000010101010000010100010001000001
101110101011111111111110101010111010101111111111111
100010101000000010001000101000101000101000000000001
111010101111111010101011101111101111101111111111101
100010100000001000101010001000000000100010000000001
101110101111101111101110111011111110111010111111101
100000100010001000100000100010001000001010001000101
101111101110111010111111101010101111111010101011101
101000101000100010000000101010100010000010101000001
101010101011101111101110111010111010111111101011111
100010101000100010001000000010101000100000001010001
111110101110111110111111101110101111101110111010101
100010100010001000100010001000100000000010100010101
101010101111101011101011111011111110111110101110101
101010101000101010001000000010000010001000100010101
101010111010101010111111111110111011101011111011101
101010100010001010001000001000101010001010000000001
101010101111111011101011101010101010111011111111111
101010001000001004001010001010101010001000000000001
101011111011101011111011111010101011111110111111101
101000100010001010001000100010100000000010000010001
101011101010111010101010101110111111111011111110101
101000001010100010100010000010000010001010000010101
101111111010101110111111111011111010101010111010101
100010000010101010001000001010001010100000100010101
101110111011101010111011101011101010111111101110101
101000100010001000100010001000001010100010101000101
101011101110111111101110111011111011101010101011101
101010001010100000001010001010001000001010000010101
101010111010111011111011101110101011111011111110101
101010000010100010100000001000101000001000100000101
101011111110101110101111111011101111111110111110101
101000000000100010001000100000101000000010100000101
101111111111111010111010111110101011111010101111101
100000000000000010000010000000100010000000100000001
111113111111111111111111111111111111111111111111111

R
