111111111111111111111111111111111111111111111111111
100000001000100000000000000000101000000000001000001
111111101011101111111111111010101011111011101010111
300000001010000010000000100010001000001010001010001
101111111010111110111110101110111011111010111011101
101010001000101000100010101000100010000010001010001
101010101011101011111010101011101110111111101110101
141000100000101000100010101010001000100000100010101
101111111110101110101110101110111011101110111010101
100000001010001000101000100000100010000010001010101
111111101010111011101011111110101111111111101010111
100000101000100010001000000010101000001000001010001
111110101011101110111111111011101011101011111011101
100000101010001000000000001010001010101010000010001
101110101010111110111111101010111010101010111110111
101000101010000010000000100010001000101000100000001
101110101011111011111111101111101011101011111111101
100010101010001000000000100000001010001000001000001
101011101010111111111010101111111010111111101011111
101010001000100010001010101000001010000010101000005
111010111011101010101010111011101011111010101111101
100010001010001000101010001000101000001010100000101
101011101010111111101011101110101011111010111110101
101010101010100000101010100010100010000010000010001
101010101110101111101010101110111110111111101011101
101010101000100000101010100010000010000000101010001
101010101011101110101010111011111011111110101110111
101000100010001010001010100000100010000010100000101
101111111110111011111010101110101110111110101111101
100000000010000010000000101000100010100000100000001
101111101111111010111110101111111010101111111111101
101000100000100010100010100000000000100000101000001
101110111011101111101011111110111111101110101011111
100010100010001000001000000010100000101000101010001
111010101010111110111111111010101110101011101010101
101010101010001000100000001010101010101010000010101
101010101011101011111010101010101010111010111110101
101000101010001000001010101010101000000010001000101
101110101110111011101010111011101011111111101010111
101000100010101010001010001010001010000000101010001
101011111010101010111011101010111110111110101011101
100000100010101010100010001010100010000010101000101
111110101010101010101110111010101010111110101111101
100010101010100010100010000010101000100000100000001
101011101110111110111011111110101111101111111111101
101000001000100000101000100010000010001000001000001
101111101011101111101110101011111110111110111011111
101000001010001000100000101000100000100000100010001
101111111010111010101111101110101111101011101110101
100000000000100010000000001000001000001000000000101
111111111111111111111111111111111111111111111111111

D
