111111111111151111111111111111111111111111111111111
100000100000000000100010000000100000001000000000001
111110111011101110101110101110101111101111111011101
100010001000101000100000100010100000100000001010101
101011101110101011111111111010111110111111101010101
101000101010101010000000000010100010001000100010101
101010101010101010111111111110101011101110111110101
101010101010101010100000400010001000001000100000101
111011101010101010101111111011111111111011101010101
100010001000101000101000001010000000001000101010101
101110111111101110101110101011101110111010101011101
100000100000001000100000101000100010000010001010001
101111111011111011111110111110111011111111111010111
100000001010100000000010100000100000100000001000001
111111101010101111111110101111111110101010111111101
101000001010001010000000100000001010101010100000101
101011111010111010111111111111101010111011101110101
100010000010000010000000000000101010001000100010101
101110111010111111111111111110101011101110101110101
100010001010100000001000000010101000000000101000101
111011111010101011101011111010101111111111101011111
101000100010101000100010001010100000100010001000001
101110101111101110111110111010111110101010111111101
100010100000101010100000000010000010101000100000001
101010111110101010111111111111111010101111101011111
101010000010000010000010000000100010100010101010001
101111111011111011111010111010101110111010101110101
101000001000001000001000001010101000100010100000101
101011101111101110111111111011101010101110111111101
100010100000001000100000100010001010100010100000101
101110111111111011101110101010111010111010101110101
101000000010001000100010001010001010001000100010001
101011111010101110111010111111101011101110111011101
101010001000100000100010100010001010101010001000101
101110101011111111101011101010111010101011101110101
100000101000000000101010001000001010000000101010101
111111101111111110101110111111101011111110101010101
100010001010000000101000101000101010000010100010101
111010111010111111101011101010111010111011111010111
100010001010001000100000001010001010001000001010001
101111101011101110111111111011101011101111101011101
100000001010001000100010000010101000000000101010101
101111111010111010101010111110101011111111101010101
100000100000100010101000100000101010100000100010101
111110111110101111101111111110101010101110101110101
100000100010001000100010000000101000100010100000101
101111101011101010111010111110101110111010111111101
101000101000101010100010001000100010100010000010001
101010101110111010101110101111111011101111111010101
100010001000000010001000100000000000001000000000101
111111111111111111111111111111111111111111131111111

L
