111111111111111111111111111111111111111111111111111
101000000000001000000010000000100000000000101000001
101011111011101111101010111110111011111110101010101
101000001000100010001010100010000010001000100010101
101111111110111010111010101011111010101011111110101
500000001000100010001000101000000010101000000000101
111111101011101110101110111111111010101111111111101
100010101010001000100010100000001010100000100000101
101010101010111111111011101111101110111110111011101
101000100010000010000010000000100010100010001000101
101110111111111010111010111111111010111011101110101
100010001010001010100010001000000010100010100010101
111011101010101010111011101011111010101010111010101
100010101000101010001000101010000010101000001010101
101110101111101011101011101011111110101111101010101
101000000000101000101010001000000010101000001010101
101111111110101110101110111111111010101110111010101
101000100010100010100000100000001010100010100010001
101010101010101110101111101111101010101011101110111
101010001010001000101000001000001000101000101000101
101011111011101011101110111011111111101110101110101
101010100010001010000000100010001000101010100010001
101010101111101411111111101110101110101010111011111
101000100000101000001010001000100010101010001010003
101110111110111111101010111011111010101011101010101
100010100010000010001000100000101010000010001000101
101010111011111010111011111110101011111110111111101
101010001000001010001000001000101000100010001000001
101011101010111011101111101011101110101010101011101
101000101010100000101000001010000010001010101010001
101110101110101110101111101010111011111011101011111
101010100000101000100000101010001010001000101000001
101010111110101011111110101010101110101110101111101
101000001000101010001000100010100000100010101000101
101110111011101010101011111110111111111010101010101
100010100010001010101000100000001000001010100010101
101011101110111011101110111111111011101010111110101
101000000010101010000010100000000010001010000000101
101111111110101010111110101111111110111011111011101
101010001000100010100010001010000010001000100010001
101010101011111010101011111010111011101010101110101
100010100010001010001000001010101000001010001000101
101110101110101011111110101010101111111111111011101
101000101000101000000000100010100000000010000010101
101011101011101110111111111010101111101010111110101
101010001010100010100000100010100010001010001000101
111011111010111010101110101110111010111011101110101
100010001010001010100010100010001010101000101000101
101110101010101011111010111111101110101110101011101
100000100000101000000010000000000000100000001000001
111111111111111111111111111111111111111111111111111

U
