111111111111111111111111111111111111111111111111111
100010000000000000100000001000001000001000000000001
111011101111111110111011101011101110101010111111101
101000100000100010000010101010100010100010100010001
101110101110101111111110101010111010111110101011111
100010100010101000000000100010001010101000101000001
111010111010101011111110111110111010101011101111101
100010100010101010001000000000100010001000101000101
101110101110101010111011111110101111111110101010101
101000101010101010100010000010100000001000101010101
101011101010101010101110101110111111101011101010101
101000100010100010101000100010100000101000000010101
101110111010111010101111111010101110101111111011101
100010001010001000101000001010001010100000001010001
101011101011101110101011101011111010111111101110111
101000101000100010100000101000100000000000100010001
111011101110111011101111101010101111111111111010101
100010001000101000101000001010001000000010001010101
101110111011101110101011111111101011111010101010101
100010100010001000101000000000101000101000100010101
101010111010111010111111111110101110101111111111101
101010001000100010100000001000101010001400001000001
101011101110101110101111101011101011101011101110101
101000001010101000100000101000100000101000100000101
101111111010101111101111101010111111101110111111101
101000000000101000101000001010000010001000100010001
101011111111101010101010111111101010111011101110111
101010000000100010001010100000101000100000101000101
101010111110111011111011101110101111111110101011101
101010000010001010000010001000100010000000100010001
101011111011101010111010111011111010111111101110101
101000100010001010001010101000100010000010101000103
101111101110111111101010101110101110111010101010101
100000001010000010001010101000101010100010001010101
111111111011111010111110101011101010101110111010111
100000001000000010000000001000101000100010100010001
101011101011111110111111111110101111111010101111101
101000101000001010100010000010100000000010101010001
111110101111101010101110111010111111111110101010111
100000100000101000101000101010100000001000101010001
101111111111101011101011101010101111101011101011101
101000001000101000001010001010000000101010000010001
101011101010101111111010111010111111101011101110101
500010100010001000000010000010101000101000101000101
101110111111111011111110111110101010101110111011101
100000100000000000100010000010001010100010000010001
111110101111101110101111111011111010111011111110111
100010101000100010100000001010001010001010000010001
101110111010111110101111101010101011101010111111101
100000000010000000100000100000100010000010000000001
111111111111111111111111111111111111111111111111111

D
