111111111111111111111111111511111111111111111111111
101000000010000000000010000000100000001000000000001
101011111011111011111011111010111010101111101111101
100010001000001000101000000010001010101000001000101
111110101111101110101111111111101110101010111010101
100000101000101000101000000000101000100010100010101
101011101010101011101011111011101011101111101110111
101010000010101010001000100010001000101000000010001
101011111111101010101110101110111110111011111111101
101000000000101010101000100000100010000000100010001
101111111110101010111011111111101011111111101010101
100010000010100010000010000000001000000000001000101
111011111010111110111110111110101111111111111111101
100010000010001000100000100000101000000000000010001
101110111011101011101111101111111011111011111010111
101000101000100010101000100000000010001010001010001
101110101110111110101010111111111110101010101011101
100000100010001000000010001000000010101000101000101
111111101011101111111111101110111010101111101110101
100010001010001000000000100010100010100010001010101
101010111110111011111110111010111110111011101010111
101000100000101000100010001010001000101000101010001
101111101111101010111011101011101011101110101011101
100010001000000010100010001000001010000000100000101
111010111111101110101110111110111011111011101111101
100010100000101000100000100010100010001010001000001
101110101010111011101111101010101110101011111011101
100010101010000010100010001010100000101000001010001
111010101011111110111011101011111110101111101011101
100010101000100000001010001000100010100000101000101
101110111110111110101010111110101011111110101010101
100010000000100000101000100010101010001000101010101
101011111111101111101111101010101010101011101110111
101000001000001000001000001010001010100010100010001
111110101011101111101111111011111010111110111011101
100000101010001000100010001010001010000010001000101
101111111010101010111010101010101011111010101110101
101000100010101010001000100010101000000010100010101
101010101110111011101110111110101111111110111010101
101010001010000000100010100000100000000010001000101
101011111011111111111010101111111110111011101111101
101000000010001000000010100010000010001010001000001
101111111010111011101111111010111011111010111110101
100000001010001000101000001010001000100010100000101
101111101010101110111010111011101110101010111011101
100010100010100010001010000010001004001010001000101
111010111110111011101011111110111111111111101110101
100010000010001000100010001010000010000000100000101
101111101011111110111110101011111010111011111111101
100000001000000000000000100000001000001000000000001
131111111111111111111111111111111111111111111111111

U
