111111111111111111111111111111111111111111111111111
101000000000000000000000001000001000001000100000101
101111101111111111111111101011101010101010101110101
100000101000000000100000100010101010100010101010101
111110101010111110101110111110101010111110101010101
101000101010001000101010000000101010001010001010001
101011101110101011101011111110101110101011111011101
101000100010101000100010000000100010101000000010001
101110111011101110101110111110111011101010111010111
100010001000101010101000100010101010001010001010001
111011101110101010111011101110101010111011101111101
100010001000101000001010100000101000101010100010001
101110111011101111101010101111101111101010111010111
100010001010000000100010000010000000101000001000101
101011101011111110111111111010111110101111101111101
101000100010000010100000001000100000001000101000001
101110111110111010101111101110111111101010101010111
101010001000001000101000100010100010001010001010001
101010101011101111101011111011101011111011111111101
101010101000101000101000001000001010001000100000001
101010111110101010101010111111111010101110101111101
101010100000100010001010000010001000100010101000001
101010101111111111111111101010111111101010101111111
101010001000001000000000001000100000001010100000001
101011111110101011111111111110101111111010101111101
100010000000100010000000100000100000100010101010001
111011101111111111101111101111111110111110101010111
501000001000000000001000101000000010100000100010001
101111111111111011111010101011111010101111111011101
100000000000000010000010001010000010100010100010003
101111111111111110111111111011101110111010101110101
100010000000000010000010100000100010000010001010101
111010111111111011111010101110111111111110111010101
100010001000001010000010001010001000000000000010101
101111101110111010111110111011101011111111111110101
100000100000100010100000000010001000001000000000101
101010111110101010111111111110111011111011111111101
101010000010101010000000001000100010001000001010001
101011111110101011111111101011101110101111101010111
101000000000101000001000101000101000100010001010101
101111111111101111101011101010101011111010111010101
100010000000100000100010001010001010001010100000101
111011111110111110111010111110111010101014101111101
101000100010000010001010000010100010101010101010001
101110101010111011101111111010101110101010101010101
100010101000101010001000000010101000101000101000101
111010101111101010101011111110101011101111101011101
100010101000000010101010000000101000100000101000101
101110101011111110111011111111101110111110101111101
100000001000000010000000000000001000000010000000001
111111111111111111111111111111111111111111111111111

D
