111111111111111111111111111111111111111111111113111
100010100000000000100010001000000000100000100000001
111010101110111110101010101011101110101011101110111
100010100010100010001010101000101000001010000010001
101110111010111011111010101011101111111010111110101
101010001010001000101010101010001000001010100010101
101010101011101010101010111010111011101110101010101
101000100010001010101010100010000010101000101010101
101111111110111010101010101111111110101011101011101
100000000000100010001010001000000000101000101000101
111111111111101111111010111110111111101011101110101
100010000000001000000010100000100000001010001010101
101010111111101011111110101111101011111010111010101
101000100000001000100010100000101010001010100000001
101111111011111110111010111010101110101010111111101
101000001000000010001010001010100000100010000010001
101011101111111011101011101110111111111111111010111
100010001000100000101000001000001010000010001010101
101110111010111011101011111011101010111010101010101
100010001010001010001000100010000010001000100010001
111011101011101010111110101111111011101111111111101
101010001010001010001000100000101000101000000000101
101010101010111111101011111110101110101111111110101
101010101010000000101000000010100010100000000010101
101010111011111110101111111010101010111111111010101
100010100010000010100000100000101000000000100010101
111110101110111010111110101111111111111111101110101
100000100010101010001000100010001000001000001010001
101111111010101010111011111010101011101011111010111
101000001010001010000010001010101000100010000010101
101010111011111011111110101110101110111110101010101
100010001000001010000000100000100010001000101010101
101111101111101010101111111111111011101111101010101
100000100000101000101000000000001000001000001010001
111110111011101011101011111110101111111011111011101
100000101000001000101000100010100000001000100010001
101111101111111110101111101011111110101110111114111
100000001000000000100010001000000000100010000010001
111111101111111111111010111111111011111011101011101
100000100000001000000010000000001010001000101000101
101110111111101011111110111111101110101110111110101
101000101000100010001000100010001000100010000000101
111010101010111110101011111010101011111011111111101
100010001010000000101010000010101000001000000000001
101111111011101111111010111010101111101111111111111
100000000010101000001010001010101000001000100000001
101111111110101011101010101010111011111010111010101
101000000000101000100010101010100010000010001010101
101111111110101110111111101010101111101111101110101
100000000000100000000000001010000000001000000000101
111111111111111111111111111111111111111111111115111

D
