111111111111111111111111111111111111111111111111111
100000001000000010001000001000000010001000000000001
111111101111101010101011101010111010111011101111101
100010101000001000101010001010100000100010101000101
101010101011111111101010101010101111101110101010101
301000101000101000001010101010101000000000100010101
101110101110101011111010111010101011111111111110101
101000100000101000101010000010101000100000000010101
101111111111101110101011111110111110101111111010101
100000000000100010100000000010000000100000100010101
101111111110101010111111111011111111111110101110101
101000000010001010001000001010100000000010100000101
101011111011111011101011101010101111111010111111101
101010000010001010001000101010001000000010100000001
101110111010111010111110101011111011111010101111111
100000100010100010100000101000001010001010100010001
111111101110101010101010111111101010101110111010111
100010001000101010101010100000000010100010101010001
101110111110101110101011101111101110111010101010101
100010100000100010101010001000101000100010100010101
101010101111111010101010111010111011101110101110101
101000100000001000101000100010000010101000100010101
101111101111101111101111101111111110101010111011101
101000000010100000101000101000000010001010100000101
101011111010111010101010101010111110111010111110101
101010001000001010100010101010100010100010000010001
101110101111101011111110101011101010111011111011101
101000101000001000000000101000001010001000100010101
101011101111111111111011101011111011101110101110101
101010100000001000001010001010001000101000101010001
101010111111101011101110111010101110101011101010111
101010000010001010100000100000101000101000101000101
101010111110111010111111111111111011101110101011101
100010000010100010000010000000000010001000101010001
111110111010101110101010101111111010111111101011101
100000100010001000101010100010000010100000001000001
111111101011111011101110111011111010111011111111101
100000101000001000101000101000001010100010000000001
101110101111101111101011101111101010101110111111111
100010001000100000101000000010101010101000001000105
111011101010111110101111111010101110101111101010101
100010001010001010100000001000100000100010000010101
101111111011101010111110111110111111111011111110101
101000000010101000000000100010100000001000100010001
101011111110101111111111101010111011101010101011111
101000100000100000000000101010000010101010041000001
101110101110111111111110101011111110101111111111101
100010100010001000100010001000100000100000100000101
101110111110101010111011111011101011111110101110101
100000000000100010000000001000001000000000001000001
111111111111111111111111111111111111111111111111111

L
