111115111111111111111111111111111111111111111111111
100000101000000000001010000000001000000000000010001
111110101011111110101010101111111011101011111011101
100000100010001000100010100000000010001010001000101
101111111110101011111110111111111110111110101110101
101000000000101000001000100000000010000000100010101
101011111111101111101011101111111011111111111010101
100010000000100000101000001000001010000000101010001
111111101011111110101111111010111011101110101011101
100000101010000010100010000010001000001000001010001
101010101010111010101110111111101111111011111010111
101010101010101000100010100000101000001000100010101
111010111010101111101010101010101011101110101110101
100010100010101000001000101010100010100000101000001
101110101110101011111111111011111110111111101111101
101000101000100000000000001000000000000000101000101
101011101011111111111111101110111111111110101010111
101000001000001010000000100010000010001000100010001
101111111111101010101011111010111010101011111111101
100010000000001000101010000010001000101010000000101
111010111111111111101110111111111111101011111010101
100010001000000000101000100000000000001000000010101
101011101011111010101011111011111110111111111110101
101000101010000010001000000010001000100000100000101
101110101110111011111110111111101011101110101111101
101000100010100010000010100000101010100010101000001
101111111010101110111010101110101010111010111011101
100000001010100010001010101000100000100010000010101
111110111010111111101010101110111111101111111110101
100010100010000000001000100010000000001000100000001
101010101110111111101111111011111111111011101111111
101000101000100000101000001010000010000000100010001
101111101111101110101110111010111010111110111010111
100000100010001010100000100010001010001010001010001
101110111010111010111011101111101011101011101011101
100010001000100010101010001000001010001010001010001
111110101111111010101010111011111010111010111010111
100010100000000010100010001010000010100010100010001
101010111111101110101111101011111110101010101111101
101000100000101000101000101000000000001010101000001
101111101011101011101010101111111111101110101011101
100000101010001000101010100010000010001000101010101
101110111010111110101010111010111011111011101010101
100010001000001000100010101000001000100010401010101
111011101111111011111110101111111110101110111010101
101010100000000010000000000010001000100000100010101
101010111111111111111011111110101011101111111010101
100010000000100000001010001000101010101000000010101
101111111010101111101110101011101010101011111110101
100000000010001000000000100010000010000010000000001
111111111111111111111111111111111111111111131111111

R
