151111111111111111111111111111111111111111111111111
100010000000000000100000000000001000000000001000001
111010111111101010111110101111101011111111101011101
100010101000101010000010101000100010000010101010101
101110101010101011111011101010111110111010101010101
100010001010101010001000001010100000001010100010001
111011111010111010101111111010111111101010111110111
101000000010001010100000100010000000001000000010001
101111111111101011111010101011111111111111111011101
100010000000101000001010101010000000000000100000101
101110101111101110101011101011111110101111101111101
100010101000100010101000101000000010100000000010001
101010101010111011101110101111111011111111111110111
101010101010001010001000100010001000000000100010101
101010101011101010111011111010111111111110101010101
101000101010100010100000001010001000000010001000101
101111101010111110101110101010101011111010111111101
100010101010000000100010101010101010001010100000001
111010101010111111111010101010101010111010101111111
100010100010101000000010101010101000100010100000001
101110111110101011111110101011101110101110111111101
100000100000100010000000101010001010101000000000101
111110101111101110111111111010101010101111111110101
100010101010000010000000001000100010100010000010001
101010101010111111111110101111101110111010111111101
101010101000100000100010100000001000101010000000001
101110101111101110101010111111111011101010111111111
100000101000001010001010100000100010001010100010001
101111101011111011111011101110101111101010101011101
101000100010000000001000000010001000001010001000001
101011101111111111101111111110111110101011111111101
101010001000000000100010000010000000101000100000101
101010111010111110111010111011111111111110101110101
101010001010100010000010100000001000000010100010001
101011101110101011111010111111101011111010111011111
101000100000101000100010001000101000100010001000001
101010111110101110111111101110101110101111101111101
101010000000100010000000100010101000101000001000101
101110111111111011111110111010101011101011111010101
100010100000001000100010000010101010101010000010001
111010111011111010101011111110101010101010111111111
101010000010001010001000100000100010100010100000001
101011111110101111101110101111111110111110101111101
101000000010101000100010100000000000100400100010101
101111111010101010111110101111111010101111101010101
101000000010101010000000100010000010101000001010001
101011111110101011111111111010111111101111111010111
100010000010100010000000100010100000101000100010001
101111101010111110111111101110101110101010101111101
100000001000100000000000000010000010000010001000001
111111111111111113111111111111111111111111111111111

R
