111111111111111111111511111111111111111111111111111
101000100000100010000010000010001000000000000000001
101010101110101010111010111010101011111111111110111
100010101000001010001010100010101010001000100010001
111110101111111011101011101110101010101010101011101
100010100010001010001000100000101010100010001000101
101010111010111010111110111011101010101111111110101
101010100010001000100010001000100000101000001000101
111010101110101111101011101110111111101011101011101
100010101010100000001010001000100000101010001010101
101110101010111111101110111111101110101011101010101
101000101000101000001000100000101000101000101010101
101011101011101011111011101010101011101110101010101
100010001010001000100010001010001000101000101010101
101110111010111110101111111011111110111011101010101
101010001000100000100000000010000010000010101000101
101010101111101111111111111110111111111110101110101
101000100000100000000000100010000000001000100010101
101110111110101111111010101010111110111010111011101
100010100010100010001010001010001010000010000010001
111010111010111010101011111011101011111111111110111
100010000010100010101000100000101000000000100010001
101111111010101110101111101110101011111110111010101
101000000010101000101000100010100010000010001000101
101111111010111011101010111010111110111111101111101
100010001010000000101010000010001000001000101000001
111010101011111111101011111011111011101010101011101
101000101000100000001010001010001010101010001010001
101111101111101111111010111010101010101011111011111
100000100010001000000010000010100000101000100000001
101110111010111011111110111110111111101110101111101
101000001000101000000010100010101000001000101000001
101111111111101011111010111014101011101011101011111
100010000000100010001010001010001010001010101000001
101010111010111110101011101011101011111010101111101
101000101010100010100010000000101000000010100000101
101111101010101010111011111111101111111110111110101
101000001010001000100010000000100010000000000000101
101111101011111111111110111110111010111111111111101
100000101010000000000000100010001010000000000000101
111110101010111111111111111011101010111111111111101
101000001010001000000000000000100010100010001000001
101011111011101011111110111110111111101010101011101
101010100000101000001000100010100000001000101000101
101010101111101111101011101010111011111111101110101
100010101000001000101000001010000010001000001000101
101110101011111010111110111011111111101011111011101
101000101000100010000010001000000010001010000010101
101010101110101111111011111111111010111010111110101
100010100000001000000000000000000010000000100000001
111111111111111111131111111111111111111111111111111

U
