111111151111111111111111111111111111111111111111111
101000001000101000000000001000100000100000100000001
101011101010101011111011101010111010111011101110101
101000100010001000001000100010000010001000001010101
101110111111111110111110111111111111101011111010111
100010000000000000100010100000000000101010000010001
111010111111111111101010101011111111101011101011101
100010001000001000001010101000100000001000001000101
101111101011101011111010111110101111111011111111101
100010001000100010001000100000100010100010000000101
111011111010111110101111101111111010101110111110101
101000001010100010100000100000000010001010100010101
101111101010101010111110101111111111101010101010101
100010001010001010001010100010000000100010101010001
111010111110111011101010111010111110111010101111101
100010000010101000100010100010100010001010100000001
101111111010101110111010101110101011101110101111111
101000100010001000100010001000101010000000101000101
101010101111111011111110111011101110111111101010101
100010100000001000000010100010000000100000100010001
101110111111101011111010101110111111101110111111101
101010001000101000101010001000100000001010100010001
101011101010101110101011111111101111111010101010111
100010001010001000101000100000100000100010101000001
111010111011111011101110101110111110111010111111101
100010001010000010000010100010000010100010000000101
101111101010111111101110111011101110101011111110101
100010001010100000100010001010100000001000100010101
111010101010101110111011101010111111111110101110101
100010101010100010000000100010001010000010101000101
101110101010101011111110111110101010111010101011111
100010101010101010000010100000100010100010001000001
111010111010101010101110111010111110101111111111101
100010100010101010100010001010100000100000100000101
101110101110101010111011101011101111111110101110101
101000101010101010101000000010001000100010001010101
101011101010111010101111111110111011101011111010101
101000101010000010000010001000100010001000001000101
101110101011111111111011101011101110111110101011101
100010101000000000001010001010001000100010101000001
111110101111101111101010101011101011101010101111101
100000100000100000100000101000101010101000101000101
101110111110111111101111111110101010101111101010101
101000000010000000101004001000101000101000100010101
101011111111111110101011101011101110101011111011101
101000100000100000101000101000100000101000000010001
101111101010101111111110101110101111101111111010111
101000101010100010001000100000101000101000001010001
101010101011111010101011111111101010101011101111101
100010001000000000100010000000000010100000100000001
111113111111111111111111111111111111111111111111111

R
