111111111111111111111111111111111111131111111111111
100000101000001000000000000000000010000000001000001
111110101010111011111111111011111010101111101111101
101000100010000000100000000010000010100004100000101
101011101111111111101111111110111111111010111110101
101010101000001000001000000010100000001010001000001
101010101011111011111011101010101111101111101111111
100010001000100010000010001010001000100000100000001
101111101110101111111110111010111010111110111111101
100000100000101000000000100010100010100010001000001
111110111110101110111111111110101110101011101011111
100010000010100010000000000010100010101010001000001
101011111010111011111011111010111010101010111111101
101000100010001010001000001000001010101000100000001
101111101111111010101111111111111010111011101111101
100000001000001000100000000000000010001000001000001
101111111011101111101111111011111111101111111110111
100000101000100000100010001000000000101000000010001
111110101010111110111110101111111110101011111011101
100000100010001010100000100000000010100000101010001
101111111111101010101111111111111011111110101010111
100000001000001010100000100000001010000010001010001
111111101011111010111010101110111010111011111011101
100000101000001000001010100010000010101000000010001
101110101111101111101110111011111110101111111110111
101000100000100000100010100000000000100000001000101
101011111110111110111010111111111111111110111011101
101010000010100000100010001000100000000010100010001
101110111010101111101111101010111011111010101110101
100000100010100010100000100010001000001000101000101
101111101110111010111110111111101111101111101011111
100010100000100010000010001000001000101000001000001
111010111111101111101011101011111010101011111111101
100010000000001000001010001010000010001010100000101
101111111111101011111110111010101111101010101010101
101000000000101000000010100010101000001010001010101
101011111110101011111010101011101111111011111010101
100010000010101000101000101000100010000010001010001
111110101010101110101111111110101010111110101011101
100010101010001000100000000010101000100000100010101
101110101111111011101111111010101111101111111110101
100010100010000010001000100010100010001010000000101
111010111010111110101010101110111010111010111010101
100010101010100010101010001000101000100010001010101
101110101010101011101011111110101111101111101010101
101000101000101000001000100000100000000000001010101
101011101111101111111110111011101111111111111011101
101000100010001010000010100010100010001010000010001
101110101010111010111010101110111010101010111110111
100000001000100000001000001000000000100010000000001
111111111111111111111111111115111111111111111111111

D
