151111111111111111111111111111111111111111111111111
101000001000100000000000001000000000000010000000001
101011101010111011101111101111101110111110111110101
100010100010001000100010100000100010000000100010101
111110111111101111111010111110111111101111101011101
100000001000001000100010000010001000101000001000101
101111111011111010101110111011101010111011111110101
100000001000000010001000001010001010001000000010001
111111101111111111111111111010111011101110111011101
100000000010000010000000001010100010000010100010001
101111111010101110101111101010111011111010101110111
101000101010100010100010000010001000100010101010001
101010101010111010111011111011101110101111101011101
101010100010101000101010001010101000100010001000101
101010111110101111101010101010101011111010111011101
101010000000100000001010101000101010001000100000001
101011111111101110111010101110101010101011111110111
100010000000100010001000100010101010101010000010001
101110111110111110101111111011101010101110111011111
101010000010000010101000001000001010100000001000001
101010111011111010101010111111111010111111111111101
101000001010001010100010000000001010100000100000001
101011111010111011111111101111101010111110101111101
101010000010001010000000101000101000100010100000101
101110111110101010111110101011101011101010111110111
100000100010101000100010001010001000001010000010001
111111101011101111101111111010111111111011101011101
101000001000001000100000001000100000001000101000101
101011101111101011101111101011101111101110111011101
101010100010000010001000001010001000101000100010001
101010111011111110111011101010111110101011101010111
101000001000000000100010101000100000101010001010001
101111101111111111101110101111101111101010101111101
100000101000100000101010001000100000001000101000001
101110101011101010101010111011141111111111101011101
100010101000001010101000001010001000000000101000101
101010101111101010101111101010111010111110111110101
101010101000101010100010001010001010100010001000101
111011101010111011111011101011101011101011101011111
100010001010001000001000101000101000001010001000001
101110111011101110111110101011101011111010111111101
100010100010101000100000100010001000001010000000101
111010101110101011101111111110111110111011111110101
100010101010000010001000100010000010100010000010101
101010101010111110111010101011111011101110111010101
101010101000100010000010101000001010001000001010101
101010101111101011111110101110111010111011101110101
101010001000001000000000100010001010101000100000101
101111101011111111111111111011101010101110111111101
100000001000000000000000000000100000100000000000001
111111111111111111111111111111111113111111111111111

U
