111111111111111111111111111111111111111111111111111
101000000000101000000000100000100000100000100000001
101110111110101011111010111110101010111010101111111
101000100000100010001010000010001010000010100000001
101011101111101110101011111011111011111110101111101
100010001000001000101000100010001000001010100010001
111110111110111110101110101110101110101010101110101
100000100010100010100010101000100010101000101000101
101111101010101010111010101011111011101011111011101
101000001010001000100010100010100000001010000010101
101111101011111111111110111110101111111010111110101
100000001000000000100000100000000010001000100000101
111111111111111110101111111111111110101111101110101
101000001000100010101000000000000000100000100010001
101011101010101010101011111111111111111110111011111
101010001010001000101000100000000000100000101010001
101010111011111111101110101110111111101111101011101
100010000010001000000010001000100010001010001000001
101111111110101110111010111111101010111010101111101
100000000010100010001010100000001000100000100010101
111111111010111011111010101111111111101111101010101
300000001010001000001000101010000000101000101000101
101111101011101111101111101010111011101110101111101
100000101000001000001000101014001000001000101000101
111111101111111011111010101011101111111011101010101
100000001000001010000010001000101000000010001010001
101111101011101010101111111110101011111010111011111
101000101010001010101000000000100010001010001010001
101010101011101011101011101110111110111011101010101
101010101000101000001010001000100000000010001000101
101011101110101111111010111111101111111110101111101
101000100000100000001010000000001000001000101010001
101110111011111111111011111111111011101011101010111
100010000010000000001000100000101000100010001010105
111011111110111111101110111010101110111110111010101
100010000010100000100000000010000010001010100010001
101010111010101010111111111011111111101010101011101
101010101000101010100010001010001000001010101000101
101010101111101010101010101110101011111010111010101
101010101000001010101000101000100010000010000010101
101110101011111010101111101011101111111011111110101
100000100000001010101000001010101000001000000010101
101111111011111011101011111010101011101110111110101
101000001010000010001000000010001010100010000000101
101110101010111110111011111110111010111011111011101
100010101010000010100010000010001010001010001010001
111010101111111010101110111011111011101010101010111
101000101000001010100010101000001000001000101010001
101111101011101010111110101111101111101111101111101
100000000010000010000000000000100000000000100000001
111111111111111111111111111111111111111111111111111

U
