111111111111111111111111111111111111111111111111111
100000100000000000100000101000100000000010001000001
111110111011111110101110101010101011111010101010101
100010100010000010101010100010101000001010101010103
101010101110111110101010101110101111101010101110101
101010101000001000101000100010001010001000100000101
101010101110101011101011111011111010111111111111101
101010100010100000001000001000100010100010000000101
101010101011111111111111101110101010111010101111101
101010101000001000000000101010101010001000100010001
101110101111101010111111101010101011101011111010111
101000100000101010100000001010001010001000100010101
101011111110101110101111111011111010111110101110101
101000000010100010101000001000000010100000100010001
101111111010111010101011101111111110111110111011101
100010000010100010000010000000100000100010001000001
101010111111101111111111111110101011101011111110111
101010100000001000000010000010001010001000000010001
101010101111111011111010111011111010111111111011111
101000100010040010001000101000001010000000100010001
101111101010111111101111101111101011111110101110101
101000101000100000100000001000001010000010100000101
101011101111101110111110101011111110101110111110101
101000001000001010100000101010000000101000100010101
101011111011111010101111101010111111101011101011101
101010000010001000100010001000100000100010101000001
101010111110101011111011111111101110101110101111111
101000100010101000100010001000100010100000101000001
101111111010101110101110101010111010111111101011101
101000001000100010100000100010001010001000100010001
101011101011101010101111111111101011101010111110101
100010001010001010100000001000001000100010000000101
111110111110111010111111111011111110111111111111101
100010100000100010001000000010000000101000000010101
101110111010111111101011111110111111101011101010101
501000100010100010000010000010100010001010001000101
101011101111101010111110111010101010101010101111101
101000100000001000100000100010101000100010101000001
101110111011111111101111101110111011111110111011111
100010001010000000101000100010001010001000100010001
111011101011111110101010111010101010101010101110101
100000101000001000100010100010101010101010100010101
101111101111101010111110101111101010101011111010101
100000001000100010100000100000001000101000001010101
101111111010111111101111111111111111101111101010101
101000000010000000001000000000001000001000101000101
101111101111111111111011111111101011111010101111101
100000101000100000001000100000001010000010100010001
111110101010101011111010111111111010111110111010111
100000001010001000000010000000000000100000001000001
111111111111111111111111111111111111111111111111111

R
