111111111111111111111111111111111111111111111111111
300010000000001000000010001000000000001010000000101
111010111111101110111110101011111011101010101110101
101000100000100010001000100010000010101010101010001
101111101111111011101011111110111110101010101011101
100010001000001000100010000000100000001010101000001
111010101010101110101110111111111011111010101111101
100010101010100010101010100010001000001000101000101
101010101010111010101010101010101111101011101010111
101010100010001010100010001000101010001000100010001
101110111111101110111111111011101010111110111111101
100010100000100010000010001010001010100000000000101
101010111011111011111010101010111010111111111011101
101010001000001000001000101010001010000000001010001
111011101110101011111111101011101011111111101110111
100000100010101000000000001000101000100000100010001
101110111010101111111111111111101010101110111011101
101000001010100000100000100000101010101010001000101
101111111010111010111010101110141110101011101110101
100010000010001010001010101010001000101010001000101
101010111111111011101010101011111011101010111011101
101000100000001000100010001000001000000010001010001
101111101111101110111111111010111011111111101011101
101000001000101000100000101010000010001000001000001
101110111010101011111010101011111110111011111111101
100010100010100010000010101000100000001000000000101
111010101111111111101110101110101111101111111110101
101000100000000000100010100010101000100010000010001
101111101110111110111010111010111010111010111011111
100000101010001000000010000010000010001000100000001
101110101011101011111111111111111111101110101111101
100010101000101000100000000000000000100010100010005
101011101110101011101111111110111111111011101011111
101010001000101010001000000010100000001000101000001
111010111010101110111111101010101111101110101111101
100010001010100010001000001010001000100010101000101
101111101011111011101011111011111010101110101010101
100010001000001000001010001000100010100000100010101
101010111110111111111011101110101011111111111111101
101000100010000010000010000010101000000000100000101
101111101011101010111110111110111111111010101110101
100000101000001000100000000000100000000010001010001
111110101111101111111110111110101111111111111011101
100000100010001000000010100010001000000010000000101
101111101010111011111011101011111011111110111110101
101000101010100000001000001000100000001000100000101
101010111011101111111111111110101111101011101111101
100010001000000010000000001000101010001000101000001
111111101111111110111111101011101010111110101011111
100000000000000000100000000010000010000000100000001
111111111111111111111111111111111111111111111111111

U
